451 314 
446 311 
444 310 
436 311 
434 314 
434 309 
423 315 
408 320 
385 321 
355 328 
325 331 
296 338 
272 335 
243 343 
211 348 
188 352 
188 353 
192 351 
191 353 
193 347 
200 344 
202 343 
209 342 
220 324 
240 310 
253 292 
274 264 
293 243 
311 226 
326 214 
339 200 
349 184 
355 167 
368 156 
366 157 
365 156 
364 160 
361 162 
359 169 
358 176 
356 187 
356 210 
360 232 
360 260 
358 293 
356 317 
360 335 
362 346 
360 359 
359 364 
359 368 
359 378 
359 381 
360 382 
360 386 
362 398 
365 407 
364 409 
