248 145 
245 146 
248 148 
247 155 
250 149 
251 153 
252 155 
249 164 
252 158 
250 166 
252 169 
252 170 
254 165 
252 179 
252 169 
254 169 
253 170 
252 175 
254 170 
253 171 
255 172 
252 169 
254 172 
254 177 
256 186 
258 196 
263 205 
267 213 
271 229 
271 231 
274 247 
275 251 
275 259 
276 264 
277 267 
277 273 
279 274 
278 286 
277 291 
276 291 
277 303 
275 316 
276 330 
277 338 
275 351 
277 357 
275 366 
277 371 
273 375 
273 380 
272 384 
277 397 
278 403 
278 409 
278 418 
277 422 
