216 236 
218 234 
216 236 
217 237 
236 225 
236 227 
236 226 
219 239 
238 229 
224 268 
312 126 
315 126 
314 130 
312 134 
315 135 
315 130 
314 132 
314 130 
314 131 
313 129 
314 130 
312 140 
312 153 
314 174 
320 193 
324 207 
323 226 
323 239 
324 257 
322 265 
321 275 
322 287 
308 323 
308 331 
303 341 
303 350 
308 354 
310 357 
309 362 
310 366 
313 372 
314 375 
314 379 
318 385 
320 385 
319 388 
320 387 
319 389 
321 394 
319 397 
322 398 
323 399 
320 397 
321 397 
320 396 
316 392 
316 388 
316 386 
315 381 
318 379 
320 377 
319 375 
319 373 
319 374 
319 372 
322 370 
321 371 
320 369 
319 371 
318 370 
319 366 
316 357 
