270 137 
270 138 
270 139 
268 139 
267 147 
268 150 
267 149 
268 154 
268 152 
267 155 
270 155 
272 154 
270 160 
276 165 
277 173 
275 182 
277 190 
263 202 
260 203 
260 205 
262 203 
260 204 
261 207 
261 208 
262 211 
263 212 
264 216 
264 220 
264 224 
266 221 
264 237 
269 242 
266 254 
266 258 
266 267 
264 277 
265 286 
263 300 
264 303 
265 309 
263 316 
262 321 
267 327 
263 338 
265 343 
267 347 
265 344 
261 349 
263 358 
261 365 
264 372 
263 377 
264 387 
265 392 
263 398 
266 401 
267 404 
267 407 
269 410 
266 412 
265 416 
265 414 
268 420 
264 420 
268 423 
268 425 
266 421 
264 415 
264 392 
