284 187 
282 187 
286 173 
283 189 
282 189 
284 189 
285 182 
284 191 
281 192 
286 188 
281 193 
281 200 
282 201 
280 205 
283 209 
284 199 
286 196 
289 201 
290 204 
288 205 
286 216 
287 223 
289 232 
289 242 
289 245 
301 379 
301 381 
301 383 
302 384 
302 386 
303 385 
301 388 
302 387 
301 390 
302 388 
301 392 
301 393 
301 395 
300 393 
302 394 
304 395 
300 396 
302 396 
302 399 
302 402 
305 407 
309 410 
308 411 
306 413 
306 414 
308 421 
310 423 
311 425 
311 428 
310 429 
311 427 
310 424 
304 414 
