289 180 
293 179 
293 182 
290 181 
294 185 
290 185 
292 185 
292 186 
292 184 
293 184 
292 184 
289 184 
292 187 
293 186 
295 193 
296 200 
298 202 
299 202 
302 202 
304 207 
305 210 
305 214 
302 217 
304 222 
306 230 
304 237 
306 243 
304 245 
304 254 
308 365 
308 370 
306 368 
307 371 
304 370 
304 371 
305 371 
303 373 
304 374 
307 380 
306 380 
305 380 
307 380 
308 382 
309 383 
310 386 
310 384 
309 382 
310 381 
311 383 
316 389 
314 393 
315 393 
317 395 
315 397 
316 398 
318 399 
317 403 
320 403 
320 409 
319 415 
322 417 
320 421 
322 424 
321 427 
322 430 
322 434 
