336 187 
341 226 
341 233 
342 232 
340 235 
338 234 
337 237 
338 237 
339 235 
340 237 
339 236 
329 236 
340 237 
341 238 
342 241 
339 241 
340 239 
340 240 
340 241 
340 239 
340 241 
341 240 
339 242 
338 245 
338 247 
339 249 
338 254 
339 256 
339 263 
340 266 
341 267 
341 266 
340 270 
339 273 
339 283 
340 285 
340 289 
343 294 
343 308 
340 316 
339 333 
338 334 
337 347 
340 353 
341 360 
338 370 
342 372 
347 380 
350 383 
353 388 
361 395 
364 399 
368 403 
361 359 
364 363 
360 350 
359 361 
360 364 
362 370 
364 374 
364 378 
368 384 
369 388 
372 398 
374 407 
375 413 
