240 232 
238 233 
239 234 
238 233 
238 236 
240 234 
240 239 
240 238 
231 62 
240 239 
241 241 
242 243 
243 242 
244 243 
243 242 
240 242 
243 240 
241 238 
242 238 
245 239 
246 243 
243 238 
243 242 
243 241 
242 240 
241 243 
240 244 
239 246 
239 248 
238 248 
237 252 
236 253 
235 256 
235 261 
235 266 
236 271 
235 276 
238 278 
240 290 
243 291 
241 297 
242 299 
240 308 
245 312 
244 319 
245 324 
244 330 
245 335 
248 342 
246 344 
248 354 
249 357 
247 363 
250 364 
251 371 
251 376 
254 383 
251 387 
253 387 
255 392 
255 396 
255 400 
257 404 
258 409 
256 407 
258 410 
264 418 
265 420 
261 420 
260 419 
259 419 
257 424 
256 425 
255 421 
259 408 
256 404 
255 403 
253 398 
251 397 
252 388 
247 374 
247 323 
