293 173 
293 174 
294 171 
294 170 
296 227 
296 233 
296 240 
297 248 
297 256 
296 268 
294 274 
298 282 
300 282 
301 289 
299 287 
299 292 
300 293 
300 298 
299 302 
297 317 
300 322 
300 323 
301 324 
303 329 
313 324 
314 327 
305 328 
304 327 
304 330 
305 332 
305 342 
309 342 
310 341 
314 345 
309 345 
313 354 
316 351 
312 358 
315 368 
301 307 
297 310 
301 315 
302 317 
299 317 
300 321 
303 322 
302 321 
302 325 
303 333 
309 341 
308 351 
305 350 
298 342 
301 327 
304 325 
319 304 
