164 214 
168 213 
171 216 
167 209 
168 211 
164 213 
162 204 
161 202 
162 203 
165 199 
168 194 
166 191 
171 188 
174 186 
181 185 
195 186 
205 183 
210 182 
221 181 
226 175 
243 173 
257 175 
256 176 
264 176 
280 174 
290 174 
299 178 
309 187 
313 193 
321 203 
320 214 
322 224 
324 238 
318 253 
312 266 
303 279 
294 285 
284 291 
278 301 
269 303 
261 305 
254 313 
239 322 
224 331 
215 337 
207 341 
199 346 
192 349 
184 356 
179 359 
177 363 
169 366 
162 373 
160 379 
162 384 
170 386 
180 387 
190 388 
200 391 
205 391 
213 391 
226 392 
238 389 
245 386 
257 386 
267 384 
285 385 
301 380 
323 377 
332 368 
338 361 
347 356 
359 353 
365 351 
367 346 
379 346 
377 345 
365 345 
373 348 
375 349 
373 346 
345 335 
341 342 
392 365 
