238 186 
253 185 
245 182 
256 182 
258 180 
244 180 
257 183 
257 181 
241 182 
258 180 
250 182 
243 181 
223 187 
260 183 
268 184 
269 184 
271 185 
273 178 
285 183 
295 177 
295 180 
294 180 
295 181 
311 185 
320 182 
327 183 
337 185 
337 189 
339 190 
344 194 
348 193 
355 196 
370 201 
378 208 
383 220 
383 233 
382 236 
386 251 
389 267 
390 277 
392 291 
383 302 
375 307 
363 310 
353 323 
343 332 
331 348 
317 351 
305 357 
301 363 
292 368 
280 370 
267 374 
251 377 
238 377 
229 378 
219 382 
205 392 
202 395 
198 397 
201 398 
206 401 
222 404 
232 399 
242 398 
250 397 
263 394 
278 392 
287 393 
299 392 
315 394 
330 391 
342 393 
358 391 
365 391 
375 389 
382 384 
389 383 
402 382 
410 379 
415 377 
422 375 
442 380 
448 379 
448 377 
445 375 
452 377 
