189 160 
189 158 
193 157 
198 160 
198 158 
201 159 
194 159 
186 159 
207 160 
212 159 
213 162 
237 163 
243 161 
246 158 
271 159 
272 165 
276 167 
294 168 
300 166 
314 168 
320 179 
323 192 
324 205 
324 220 
322 228 
321 238 
315 248 
308 265 
295 268 
288 275 
280 282 
270 293 
261 302 
250 310 
237 321 
225 328 
215 333 
210 343 
202 356 
199 360 
192 367 
180 379 
174 388 
167 394 
166 399 
173 402 
184 402 
194 404 
206 405 
222 403 
232 403 
242 401 
254 400 
265 403 
280 403 
289 404 
292 400 
309 403 
320 399 
329 396 
338 392 
349 394 
359 391 
366 388 
377 384 
382 381 
391 380 
390 379 
389 382 
384 380 
388 380 
385 378 
376 378 
378 372 
419 366 
371 395 
