309 194 
268 190 
278 198 
316 199 
259 186 
286 194 
262 181 
278 194 
321 178 
328 177 
284 176 
329 180 
269 178 
329 182 
299 180 
294 176 
333 184 
337 182 
321 178 
325 186 
331 187 
346 199 
345 203 
359 224 
356 228 
354 239 
353 252 
349 266 
348 284 
349 305 
339 315 
336 329 
320 333 
308 343 
300 350 
289 355 
280 357 
264 359 
250 361 
240 366 
232 365 
223 364 
215 363 
208 367 
203 366 
199 366 
199 368 
207 367 
220 368 
235 374 
248 374 
261 375 
271 374 
283 377 
296 375 
311 373 
326 372 
342 370 
361 373 
375 373 
381 368 
391 368 
393 367 
397 365 
403 364 
407 363 
408 359 
410 358 
398 352 
403 354 
394 349 
409 349 
433 341 
