206 208 
213 208 
212 206 
202 200 
213 203 
210 202 
211 201 
209 201 
210 203 
217 201 
219 200 
222 198 
228 191 
267 174 
291 159 
319 149 
319 148 
378 147 
379 161 
382 175 
384 189 
386 198 
392 210 
401 226 
407 248 
405 273 
387 291 
372 308 
355 318 
340 331 
331 343 
313 351 
302 355 
284 364 
280 366 
277 371 
269 374 
268 377 
266 376 
264 373 
271 372 
284 372 
300 368 
315 362 
329 357 
339 353 
352 354 
364 357 
374 356 
391 363 
401 366 
415 366 
432 375 
411 339 
396 340 
414 291 
419 286 
421 282 
414 274 
408 272 
