255 194 
256 191 
254 188 
256 188 
332 190 
253 184 
258 185 
261 186 
260 186 
259 184 
257 183 
258 181 
258 183 
260 187 
268 187 
273 193 
284 202 
304 217 
301 225 
307 241 
311 250 
305 260 
309 269 
310 272 
310 278 
306 287 
317 300 
304 313 
299 321 
284 329 
276 341 
263 352 
246 360 
244 376 
215 381 
201 380 
182 383 
168 386 
148 387 
130 391 
127 392 
109 388 
116 390 
109 392 
121 388 
145 387 
163 390 
183 390 
200 391 
219 392 
237 395 
253 393 
270 394 
288 392 
313 390 
338 387 
362 381 
391 377 
413 373 
450 373 
461 371 
453 366 
461 365 
466 366 
445 361 
419 356 
