137 77 
137 75 
136 77 
138 78 
137 77 
138 78 
137 77 
135 79 
267 189 
138 78 
139 78 
279 184 
279 183 
282 185 
280 185 
287 185 
297 183 
313 175 
319 173 
241 366 
239 372 
233 379 
230 387 
227 389 
226 393 
223 389 
217 395 
215 393 
216 391 
218 391 
233 383 
250 379 
261 377 
272 373 
281 372 
288 374 
292 377 
302 377 
309 377 
317 379 
324 380 
327 382 
333 381 
340 383 
347 383 
353 385 
360 384 
364 383 
370 382 
374 381 
381 382 
389 383 
392 386 
396 386 
397 386 
396 383 
401 384 
399 382 
383 371 
354 357 
