249 158 
245 162 
249 162 
250 160 
249 159 
253 158 
256 158 
258 159 
259 159 
265 160 
270 161 
285 161 
293 162 
307 166 
319 170 
322 173 
332 176 
343 187 
345 200 
341 213 
339 226 
338 246 
336 264 
330 280 
332 311 
329 320 
322 330 
316 342 
295 334 
281 340 
272 347 
267 348 
258 349 
251 352 
236 353 
225 356 
219 358 
211 352 
200 355 
191 355 
175 358 
171 359 
164 361 
167 364 
176 369 
191 369 
203 367 
215 369 
229 374 
241 376 
257 376 
275 377 
290 374 
307 376 
324 374 
343 375 
359 372 
379 368 
408 378 
419 375 
426 375 
430 373 
428 372 
430 372 
428 373 
427 375 
422 370 
420 364 
413 362 
404 358 
389 370 
396 403 
