253 198 
246 200 
243 197 
241 196 
240 198 
243 199 
248 199 
252 199 
244 198 
247 197 
256 199 
257 202 
263 201 
257 196 
253 193 
253 195 
253 196 
254 197 
259 195 
260 194 
261 196 
269 193 
279 198 
288 200 
299 199 
305 199 
310 197 
317 196 
323 195 
327 198 
331 202 
338 203 
339 204 
342 211 
347 222 
356 231 
360 243 
360 247 
360 250 
361 259 
358 276 
350 289 
333 303 
315 322 
304 335 
301 341 
295 349 
286 361 
270 372 
248 379 
226 386 
218 388 
206 391 
203 397 
199 399 
203 397 
210 402 
218 410 
248 409 
267 407 
