189 165 
209 189 
214 189 
216 192 
217 190 
276 196 
153 191 
218 192 
216 190 
148 187 
280 197 
277 190 
285 190 
294 192 
301 185 
190 189 
205 187 
352 185 
306 187 
315 189 
319 193 
329 202 
335 212 
344 225 
362 253 
357 268 
363 286 
227 344 
228 344 
230 343 
225 342 
224 345 
222 351 
220 347 
220 352 
224 350 
231 346 
243 342 
254 340 
263 336 
273 336 
281 337 
288 330 
293 334 
303 340 
309 345 
317 351 
321 351 
327 353 
336 359 
352 360 
366 362 
379 366 
392 369 
411 374 
428 378 
447 385 
464 388 
471 390 
470 389 
466 388 
459 384 
440 376 
422 392 
