154 174 
155 174 
154 173 
157 172 
157 173 
159 174 
161 176 
161 174 
161 173 
159 171 
160 170 
238 174 
253 169 
267 165 
268 165 
263 161 
277 161 
400 178 
399 180 
398 180 
403 181 
401 181 
399 182 
402 185 
395 183 
398 187 
395 186 
394 188 
395 190 
399 196 
399 198 
394 200 
394 208 
393 209 
396 215 
395 218 
393 221 
391 225 
391 228 
394 226 
386 225 
383 244 
389 236 
382 243 
385 245 
381 247 
380 253 
376 266 
376 271 
374 274 
372 269 
368 268 
368 269 
366 272 
364 275 
362 281 
358 284 
357 286 
354 292 
353 299 
346 313 
346 317 
344 312 
343 308 
343 305 
341 311 
339 312 
335 315 
338 321 
330 325 
326 327 
325 333 
323 338 
319 343 
320 343 
310 347 
303 349 
300 349 
301 351 
298 353 
293 357 
284 363 
281 367 
280 373 
280 372 
269 380 
266 384 
262 385 
263 383 
252 385 
244 387 
245 391 
246 395 
239 397 
219 404 
216 408 
215 411 
214 414 
195 420 
191 423 
190 421 
191 420 
192 419 
198 416 
203 417 
207 415 
208 416 
211 415 
214 417 
218 416 
220 418 
225 418 
230 415 
233 415 
237 414 
239 414 
243 414 
248 413 
252 414 
254 412 
257 414 
259 413 
263 414 
265 414 
265 412 
268 412 
273 415 
276 416 
277 416 
281 413 
281 414 
288 415 
292 415 
296 415 
305 414 
318 412 
322 411 
324 408 
332 405 
334 406 
334 407 
339 408 
347 402 
355 401 
366 401 
367 403 
366 402 
368 405 
376 403 
389 400 
399 396 
408 395 
409 395 
406 396 
417 397 
436 397 
445 396 
452 396 
455 399 
456 400 
456 401 
