210 177 
212 175 
217 176 
219 175 
226 175 
220 173 
222 172 
228 174 
235 176 
243 174 
243 173 
249 173 
255 174 
261 169 
279 167 
293 171 
297 171 
302 175 
304 180 
309 182 
315 187 
321 192 
318 199 
319 214 
316 230 
308 252 
299 269 
294 298 
280 307 
274 311 
261 310 
254 318 
243 324 
233 322 
227 324 
225 327 
222 330 
219 331 
208 337 
203 345 
192 354 
184 363 
180 370 
181 375 
180 376 
182 374 
183 376 
196 375 
209 375 
223 373 
233 369 
244 369 
255 367 
266 367 
275 367 
288 367 
301 369 
316 367 
329 367 
340 369 
350 365 
359 367 
363 366 
369 365 
377 363 
388 362 
397 367 
386 363 
393 367 
392 364 
389 364 
379 359 
362 337 
385 340 
