76 65 
75 63 
76 63 
69 62 
187 182 
185 184 
187 186 
190 184 
74 66 
96 111 
147 126 
149 107 
161 114 
78 64 
163 111 
88 60 
90 58 
93 58 
261 152 
267 137 
208 97 
290 132 
310 126 
299 141 
325 155 
346 161 
362 171 
368 185 
374 200 
376 218 
380 240 
366 255 
349 277 
336 300 
328 322 
315 338 
301 350 
290 357 
277 364 
265 372 
253 378 
242 383 
231 386 
220 389 
218 392 
217 395 
224 397 
230 398 
245 402 
263 403 
283 402 
301 404 
313 403 
323 405 
330 404 
341 400 
346 400 
358 400 
376 398 
391 397 
403 393 
421 394 
432 396 
433 391 
434 386 
444 389 
438 385 
454 390 
456 389 
453 389 
449 388 
445 391 
433 385 
320 334 
395 379 
