282 229 
283 226 
281 226 
281 228 
282 228 
279 227 
278 225 
279 221 
281 214 
282 207 
289 205 
292 201 
297 195 
303 190 
312 185 
320 175 
336 170 
350 166 
366 170 
383 182 
400 190 
409 199 
412 208 
413 221 
404 237 
395 250 
379 269 
371 280 
359 288 
342 303 
328 317 
315 327 
300 340 
284 354 
268 366 
253 378 
246 386 
251 388 
247 387 
251 385 
260 385 
267 384 
275 384 
286 385 
294 384 
303 387 
314 389 
325 389 
334 387 
339 388 
349 388 
354 386 
368 384 
383 384 
397 383 
403 383 
411 386 
