243 190 
247 189 
246 189 
242 188 
245 191 
241 190 
241 189 
240 189 
243 190 
244 191 
244 190 
237 184 
240 183 
246 182 
245 181 
253 182 
256 180 
261 184 
266 186 
273 188 
284 188 
304 188 
327 186 
350 184 
369 188 
376 193 
378 203 
382 212 
386 221 
388 234 
390 248 
379 262 
367 281 
351 292 
337 312 
320 321 
305 331 
292 341 
277 349 
262 356 
247 362 
232 372 
226 379 
214 389 
207 393 
199 398 
195 407 
198 405 
202 407 
211 407 
223 404 
240 400 
255 400 
272 400 
286 397 
300 399 
316 391 
328 392 
341 390 
355 388 
366 386 
378 383 
394 382 
399 378 
406 381 
409 382 
416 382 
420 385 
426 385 
432 388 
429 386 
426 385 
423 385 
355 340 
