187 167 
189 166 
190 165 
195 162 
197 164 
182 157 
186 161 
188 166 
188 161 
194 165 
194 168 
196 164 
194 167 
195 169 
211 170 
215 172 
213 173 
221 181 
227 180 
235 181 
250 181 
254 181 
245 183 
268 179 
273 179 
279 181 
279 185 
288 187 
284 192 
280 202 
286 209 
286 221 
291 233 
297 251 
291 260 
286 273 
289 280 
296 287 
294 300 
292 307 
288 327 
272 332 
255 337 
241 348 
232 347 
223 352 
210 356 
199 362 
187 364 
172 369 
162 369 
153 368 
149 371 
145 370 
151 369 
159 372 
174 370 
189 371 
198 373 
214 374 
230 373 
242 377 
261 381 
274 378 
293 376 
308 374 
324 371 
341 366 
363 360 
362 352 
387 348 
394 337 
407 335 
396 332 
398 334 
399 331 
394 330 
396 327 
379 324 
351 342 
