180 179 
184 179 
182 179 
186 178 
184 179 
184 176 
185 175 
186 176 
188 175 
191 174 
197 174 
201 176 
199 174 
209 172 
222 158 
231 155 
230 154 
231 155 
236 156 
238 158 
241 160 
241 162 
242 168 
253 168 
265 169 
273 169 
272 171 
281 169 
304 162 
306 164 
309 168 
309 170 
325 172 
344 174 
360 178 
368 180 
369 183 
366 198 
366 192 
363 194 
339 259 
338 260 
337 257 
331 259 
329 261 
327 260 
335 253 
329 264 
328 263 
328 261 
324 258 
311 264 
302 280 
298 287 
299 285 
296 290 
298 283 
295 281 
296 271 
296 273 
291 290 
281 311 
286 309 
280 313 
278 313 
280 316 
279 319 
276 319 
277 322 
274 322 
270 326 
262 329 
262 333 
265 335 
263 335 
263 338 
257 340 
257 341 
255 341 
255 340 
251 341 
247 341 
244 345 
245 342 
243 346 
245 343 
239 345 
228 348 
227 352 
225 351 
229 351 
224 353 
210 355 
208 360 
210 361 
209 362 
209 361 
198 365 
194 368 
193 370 
194 369 
185 372 
179 378 
175 380 
178 380 
159 386 
143 393 
144 399 
149 397 
153 397 
160 395 
165 394 
174 395 
176 394 
180 392 
188 389 
188 385 
193 383 
195 384 
201 384 
205 384 
210 384 
213 383 
218 390 
221 391 
225 396 
231 399 
236 404 
243 401 
252 403 
263 403 
275 405 
281 406 
296 403 
308 400 
321 396 
332 397 
346 394 
366 391 
390 386 
412 383 
432 383 
442 382 
451 380 
420 379 
461 378 
422 377 
459 378 
456 375 
416 368 
