157 179 
157 180 
160 183 
159 196 
162 197 
168 203 
169 203 
172 203 
172 201 
173 197 
177 195 
182 194 
187 195 
191 196 
195 192 
206 192 
221 185 
239 183 
252 179 
269 180 
279 176 
391 282 
397 283 
396 283 
347 164 
350 219 
348 159 
350 216 
350 215 
349 167 
346 219 
349 226 
350 234 
353 245 
355 258 
355 275 
352 284 
348 291 
339 303 
331 312 
331 321 
324 330 
322 339 
319 352 
309 361 
306 367 
301 374 
295 376 
290 382 
290 385 
285 386 
278 390 
264 396 
265 399 
263 397 
264 402 
250 409 
235 416 
233 417 
233 416 
237 419 
245 418 
257 416 
267 413 
276 408 
284 411 
292 408 
302 410 
310 412 
315 416 
321 414 
344 413 
356 413 
370 413 
378 415 
392 412 
405 412 
425 409 
442 409 
462 413 
475 411 
475 410 
476 411 
474 413 
466 413 
428 393 
