199 160 
202 154 
197 151 
201 152 
197 148 
200 151 
201 152 
202 151 
202 140 
203 137 
206 133 
207 124 
210 127 
219 123 
223 120 
227 102 
231 109 
243 105 
256 110 
269 109 
281 115 
291 121 
305 130 
314 131 
331 144 
335 158 
340 167 
336 177 
328 189 
322 198 
306 216 
287 238 
279 250 
266 267 
256 281 
244 292 
231 308 
222 320 
210 341 
200 348 
190 359 
184 370 
268 381 
273 380 
273 379 
278 382 
279 383 
282 381 
290 376 
303 376 
311 374 
324 375 
332 375 
339 375 
349 374 
357 375 
368 378 
368 375 
367 375 
364 375 
365 372 
371 368 
