230 152 
228 151 
237 153 
234 154 
237 153 
241 152 
246 153 
246 152 
258 150 
250 155 
255 153 
249 152 
258 152 
265 153 
274 156 
270 162 
279 162 
289 160 
309 159 
322 159 
339 159 
350 161 
351 165 
358 167 
367 174 
367 187 
372 206 
371 223 
373 242 
369 271 
358 280 
352 292 
343 303 
339 313 
330 322 
315 318 
305 327 
293 332 
276 335 
261 340 
249 347 
241 352 
229 361 
219 369 
209 377 
203 381 
197 388 
192 390 
191 391 
194 394 
195 396 
199 399 
213 398 
223 392 
234 392 
248 390 
258 388 
268 387 
278 385 
290 381 
300 379 
312 374 
321 371 
334 368 
348 363 
361 362 
378 357 
391 355 
408 356 
419 358 
