242 175 
244 175 
247 172 
245 175 
245 174 
256 174 
244 173 
248 173 
252 176 
251 176 
252 174 
257 174 
260 170 
267 177 
280 180 
295 181 
312 185 
322 185 
333 189 
340 196 
345 198 
349 201 
357 200 
367 210 
369 221 
364 238 
357 254 
351 272 
338 289 
326 303 
316 319 
303 323 
291 332 
277 337 
264 342 
249 353 
233 364 
223 372 
215 381 
211 384 
207 391 
211 391 
216 388 
232 387 
245 382 
260 378 
279 378 
292 376 
308 379 
314 381 
323 380 
330 378 
339 379 
348 379 
359 380 
371 378 
386 380 
397 380 
434 368 
441 368 
414 383 
