214 156 
246 169 
245 167 
246 166 
252 166 
250 166 
251 164 
252 162 
257 161 
263 163 
274 163 
281 164 
288 165 
299 164 
299 162 
306 166 
312 166 
312 164 
331 169 
334 175 
333 187 
334 191 
337 200 
343 207 
351 217 
357 245 
349 269 
340 281 
333 301 
321 321 
308 330 
297 336 
283 342 
267 339 
255 341 
245 343 
231 344 
218 346 
211 345 
202 341 
196 342 
191 345 
186 347 
182 356 
185 358 
188 360 
195 363 
205 366 
211 364 
218 367 
229 368 
238 371 
253 370 
268 371 
283 370 
297 370 
309 370 
321 374 
334 374 
343 373 
353 370 
365 367 
371 367 
375 365 
387 364 
394 362 
406 365 
411 364 
412 363 
411 363 
418 365 
417 364 
409 357 
418 362 
408 359 
411 360 
413 360 
393 350 
380 363 
361 333 
