234 186 
229 180 
232 183 
232 181 
233 184 
234 185 
235 185 
229 185 
236 182 
241 184 
240 183 
243 184 
245 187 
256 188 
263 193 
271 194 
279 194 
278 192 
280 196 
288 196 
293 199 
309 197 
320 209 
322 215 
334 222 
333 235 
334 243 
325 253 
320 262 
314 269 
308 281 
296 293 
296 303 
295 313 
289 321 
281 331 
269 342 
254 350 
234 356 
220 354 
202 359 
182 364 
171 368 
162 370 
155 371 
150 370 
148 365 
159 365 
169 374 
182 373 
192 375 
207 374 
220 375 
235 378 
253 377 
269 370 
283 370 
294 363 
309 366 
324 360 
326 354 
340 349 
349 345 
362 346 
368 343 
384 345 
383 345 
393 346 
390 344 
381 343 
338 330 
363 337 
374 327 
