194 192 
191 188 
196 190 
189 188 
193 190 
191 188 
191 187 
193 189 
195 190 
193 187 
199 187 
209 193 
218 192 
216 188 
228 196 
234 198 
240 194 
249 195 
259 196 
266 195 
272 197 
282 197 
291 198 
299 199 
306 198 
310 195 
327 211 
332 214 
313 209 
347 226 
348 228 
339 231 
334 236 
322 243 
320 255 
312 261 
310 272 
310 282 
300 297 
294 308 
287 317 
276 324 
269 332 
252 337 
243 350 
234 361 
226 370 
218 376 
215 384 
203 364 
207 365 
363 375 
364 376 
362 374 
364 367 
369 366 
368 365 
371 366 
376 367 
378 367 
378 368 
379 366 
377 367 
385 368 
382 368 
385 371 
389 370 
396 373 
403 375 
409 374 
424 377 
433 381 
433 384 
433 383 
429 384 
