238 201 
239 198 
223 195 
234 196 
227 193 
210 193 
224 192 
208 189 
220 191 
217 188 
226 186 
233 181 
228 173 
242 172 
225 179 
235 182 
249 184 
251 183 
253 181 
272 182 
285 185 
297 187 
294 189 
309 186 
307 186 
321 189 
327 190 
334 192 
348 196 
358 200 
366 208 
359 225 
365 247 
356 261 
338 274 
324 292 
306 300 
289 312 
273 315 
259 319 
246 323 
234 328 
226 335 
213 336 
206 337 
199 340 
196 333 
190 337 
190 338 
188 337 
187 338 
194 343 
209 343 
218 347 
235 348 
246 344 
258 342 
276 341 
288 337 
299 336 
314 333 
323 331 
339 332 
348 330 
354 326 
359 323 
373 323 
388 327 
398 324 
408 326 
410 328 
419 330 
428 329 
430 332 
434 332 
425 334 
425 331 
420 323 
379 332 
385 340 
420 327 
