150 177 
156 178 
156 181 
154 179 
151 178 
156 180 
158 180 
162 179 
159 178 
156 173 
160 174 
256 131 
225 150 
256 134 
256 135 
263 133 
272 138 
276 137 
277 139 
278 138 
285 138 
284 142 
291 143 
296 143 
290 143 
289 147 
288 143 
297 143 
304 146 
318 146 
323 144 
343 146 
340 151 
343 155 
353 157 
362 162 
363 155 
361 157 
360 161 
383 142 
365 163 
394 151 
367 179 
372 184 
375 192 
372 196 
372 201 
377 212 
371 216 
367 218 
404 210 
356 237 
349 245 
342 252 
333 263 
323 270 
308 272 
305 279 
300 283 
289 291 
286 298 
208 312 
206 311 
208 314 
205 317 
200 317 
199 315 
194 318 
195 327 
194 328 
190 330 
184 340 
171 348 
165 357 
160 363 
161 364 
152 368 
139 373 
250 386 
255 390 
263 390 
269 392 
268 394 
272 393 
276 393 
280 392 
280 389 
284 387 
286 387 
295 386 
304 385 
317 382 
332 378 
344 375 
372 373 
391 371 
400 371 
403 373 
406 372 
431 369 
442 369 
439 368 
439 369 
435 366 
422 359 
399 353 
