258 244 
251 244 
207 253 
186 258 
168 248 
174 242 
179 236 
176 232 
178 236 
171 229 
171 231 
172 227 
170 223 
179 229 
176 229 
177 224 
186 225 
192 229 
195 236 
200 240 
210 247 
213 250 
218 253 
218 258 
227 258 
243 254 
251 257 
258 255 
266 257 
280 254 
297 250 
304 248 
308 245 
310 246 
311 251 
326 249 
344 246 
357 247 
361 253 
362 255 
360 265 
357 274 
355 284 
351 295 
340 303 
322 312 
310 325 
291 315 
283 316 
275 323 
273 356 
263 366 
246 374 
230 383 
218 388 
199 388 
187 392 
171 392 
150 394 
148 399 
149 404 
162 408 
175 411 
173 305 
188 305 
201 310 
209 304 
219 301 
226 295 
234 297 
242 297 
252 299 
260 304 
268 305 
429 375 
439 371 
427 368 
420 361 
411 356 
