219 241 
221 241 
218 237 
217 230 
217 228 
219 221 
223 214 
228 203 
234 200 
242 189 
252 184 
259 181 
273 182 
287 178 
298 182 
312 189 
324 190 
333 196 
339 210 
335 220 
323 239 
315 249 
305 264 
290 283 
281 296 
270 311 
256 323 
241 339 
237 347 
224 356 
222 363 
223 368 
222 372 
219 376 
222 373 
225 372 
234 369 
240 367 
247 370 
256 368 
261 370 
269 374 
276 377 
280 379 
292 380 
296 381 
306 381 
314 380 
323 380 
330 380 
338 379 
344 376 
352 378 
359 379 
361 377 
371 375 
378 376 
380 377 
382 373 
381 371 
378 368 
