193 184 
195 185 
193 184 
192 180 
194 178 
191 176 
197 177 
193 179 
189 178 
206 174 
208 176 
210 179 
215 184 
219 186 
223 188 
224 184 
233 179 
248 176 
252 173 
252 175 
256 179 
264 182 
272 181 
287 178 
300 179 
306 181 
303 189 
309 197 
306 198 
307 202 
321 207 
329 210 
328 215 
329 217 
328 223 
326 236 
325 249 
317 259 
324 280 
319 291 
316 302 
310 308 
301 319 
294 327 
283 337 
267 346 
258 354 
250 362 
239 370 
231 377 
222 379 
213 385 
210 388 
208 396 
201 401 
202 406 
197 412 
192 412 
189 415 
189 418 
189 419 
199 417 
210 419 
216 418 
226 416 
234 416 
242 417 
250 415 
259 417 
266 417 
278 416 
284 417 
290 417 
299 417 
305 417 
313 415 
322 415 
330 413 
340 413 
344 413 
355 413 
361 408 
371 410 
375 407 
384 408 
382 404 
398 408 
405 405 
406 402 
410 401 
408 400 
412 401 
407 399 
406 399 
403 397 
372 382 
418 389 
