211 175 
200 172 
214 176 
215 174 
198 172 
201 169 
196 168 
202 169 
206 167 
207 170 
211 166 
217 172 
227 172 
223 170 
224 171 
232 174 
235 177 
232 177 
219 171 
231 177 
229 177 
231 181 
239 180 
266 183 
267 181 
271 184 
285 190 
281 195 
288 208 
276 196 
294 202 
302 215 
293 216 
291 229 
290 240 
289 257 
289 272 
319 324 
316 331 
307 341 
298 349 
286 357 
269 359 
260 364 
247 368 
239 371 
228 372 
218 377 
208 379 
196 378 
189 374 
183 376 
179 374 
173 371 
165 375 
158 376 
156 379 
160 380 
171 386 
183 387 
194 391 
205 396 
217 399 
228 402 
242 406 
255 406 
265 408 
277 408 
294 409 
309 406 
324 402 
334 399 
345 400 
352 389 
365 385 
371 376 
373 369 
383 368 
384 365 
387 361 
386 360 
387 361 
384 353 
385 355 
378 353 
393 374 
367 438 
