208 189 
214 192 
209 191 
214 188 
214 186 
220 188 
219 186 
223 184 
226 182 
227 184 
236 183 
241 183 
239 181 
247 182 
250 184 
258 187 
279 196 
280 198 
286 202 
290 203 
295 204 
298 210 
299 213 
300 213 
314 210 
319 213 
324 220 
333 233 
325 243 
325 255 
328 264 
326 274 
314 280 
304 284 
295 293 
288 299 
281 305 
277 311 
272 319 
267 323 
264 328 
255 336 
247 340 
243 348 
234 359 
228 368 
221 373 
211 385 
211 386 
205 396 
200 399 
195 403 
191 403 
192 404 
193 403 
199 404 
213 403 
223 395 
235 394 
245 391 
252 389 
257 388 
268 387 
277 387 
286 389 
289 389 
293 389 
299 390 
307 387 
318 388 
327 387 
333 388 
339 387 
341 386 
344 391 
352 391 
361 393 
369 393 
377 396 
380 395 
382 397 
381 396 
380 396 
378 400 
377 398 
366 395 
331 379 
273 366 
