237 193 
233 191 
233 190 
237 191 
234 193 
233 193 
236 190 
237 187 
236 193 
234 194 
243 190 
241 193 
238 193 
240 196 
241 202 
248 199 
246 201 
253 193 
251 190 
249 182 
251 179 
248 179 
248 180 
245 177 
238 169 
242 171 
245 171 
250 175 
266 173 
271 177 
283 180 
294 182 
299 186 
326 194 
334 199 
340 206 
334 215 
329 226 
332 239 
335 250 
333 265 
323 278 
321 296 
310 313 
298 327 
288 343 
270 354 
249 358 
238 360 
228 364 
214 365 
198 366 
190 367 
183 369 
186 369 
192 370 
205 371 
218 372 
230 372 
247 369 
262 369 
277 371 
293 369 
307 366 
324 364 
337 358 
355 352 
362 346 
364 343 
370 339 
380 341 
390 342 
388 341 
378 341 
335 340 
353 349 
368 350 
