257 172 
279 182 
242 153 
257 156 
263 159 
279 163 
284 165 
288 169 
296 171 
302 171 
302 170 
307 171 
302 171 
314 177 
277 181 
296 183 
282 186 
285 192 
321 196 
298 195 
299 214 
309 216 
326 227 
331 230 
336 238 
339 233 
351 248 
355 251 
364 262 
364 278 
358 292 
355 300 
349 303 
354 317 
344 322 
340 326 
331 324 
320 326 
306 323 
295 323 
284 324 
261 320 
248 325 
233 327 
221 327 
208 330 
196 327 
187 329 
181 334 
183 337 
190 337 
201 337 
213 339 
224 337 
237 337 
249 334 
259 332 
272 332 
283 331 
298 328 
314 329 
330 331 
343 329 
348 326 
370 327 
387 330 
409 330 
432 331 
413 272 
425 274 
380 205 
393 212 
391 212 
393 212 
399 219 
398 219 
410 222 
420 228 
414 223 
374 201 
