199 207 
192 208 
204 205 
205 209 
203 210 
196 210 
199 207 
203 211 
209 210 
208 211 
215 211 
219 206 
231 210 
232 209 
240 207 
248 209 
247 210 
258 210 
263 206 
260 205 
268 203 
278 202 
278 203 
286 203 
280 202 
281 202 
291 205 
292 206 
298 212 
289 215 
293 217 
288 221 
292 224 
297 228 
304 234 
297 238 
298 238 
303 245 
317 263 
316 265 
311 274 
310 282 
298 287 
302 293 
296 303 
283 310 
277 316 
271 314 
264 321 
259 329 
245 320 
235 324 
235 335 
226 337 
220 341 
216 338 
211 338 
203 350 
192 354 
185 357 
179 359 
175 360 
172 364 
171 368 
166 372 
158 377 
159 378 
161 377 
168 379 
180 379 
192 378 
198 379 
210 378 
218 381 
226 376 
234 378 
245 380 
251 374 
258 371 
271 370 
281 370 
286 370 
292 371 
301 370 
310 368 
319 366 
329 366 
338 365 
339 366 
348 367 
353 367 
356 364 
356 363 
350 360 
359 361 
354 360 
360 361 
360 359 
349 352 
329 361 
387 370 
