190 186 
194 188 
189 189 
260 168 
262 168 
266 170 
263 170 
265 169 
266 174 
265 172 
266 173 
267 172 
271 174 
282 174 
282 178 
286 180 
297 181 
305 182 
317 177 
334 183 
333 187 
337 185 
348 180 
360 185 
371 185 
378 194 
378 196 
382 201 
387 209 
388 205 
392 224 
394 231 
340 308 
339 310 
340 309 
338 308 
338 309 
340 309 
341 311 
343 308 
339 310 
341 309 
343 313 
338 315 
333 319 
328 322 
322 330 
321 331 
322 333 
319 336 
321 333 
318 334 
319 336 
315 340 
313 340 
314 342 
313 342 
312 346 
310 345 
308 346 
308 348 
305 350 
306 350 
308 350 
306 349 
280 358 
270 362 
268 364 
267 367 
267 368 
267 371 
266 371 
238 379 
228 387 
229 387 
228 384 
233 382 
230 382 
228 383 
217 384 
202 392 
201 391 
206 389 
214 387 
220 383 
226 385 
229 383 
233 380 
238 378 
244 380 
245 379 
250 379 
253 381 
260 381 
262 380 
265 377 
269 380 
278 380 
292 378 
414 381 
414 382 
413 382 
414 382 
414 381 
412 382 
415 380 
416 381 
