236 171 
236 169 
235 167 
237 169 
240 167 
241 169 
243 167 
244 167 
243 160 
244 158 
249 149 
252 137 
259 128 
268 117 
284 109 
295 106 
306 113 
317 114 
329 119 
341 122 
351 140 
352 149 
352 160 
348 174 
344 181 
336 189 
324 204 
315 224 
306 240 
242 335 
240 338 
240 337 
238 335 
234 337 
233 331 
233 340 
228 340 
232 341 
223 354 
224 354 
225 356 
229 354 
234 355 
245 353 
253 348 
257 343 
263 339 
268 342 
275 346 
284 347 
292 351 
299 352 
309 352 
323 357 
334 356 
344 351 
353 350 
359 352 
360 353 
364 353 
370 348 
375 346 
373 347 
375 346 
379 341 
