206 172 
207 172 
207 171 
209 173 
209 170 
212 170 
216 169 
219 176 
393 193 
396 193 
397 194 
401 196 
400 194 
397 192 
396 192 
394 193 
392 193 
390 195 
388 202 
383 210 
386 218 
385 226 
387 237 
387 239 
382 236 
385 238 
387 245 
386 248 
386 251 
387 252 
402 285 
402 293 
394 301 
400 315 
386 322 
371 328 
338 336 
332 340 
324 343 
317 346 
309 349 
310 352 
306 357 
302 360 
294 368 
279 376 
260 383 
253 381 
234 390 
212 395 
212 392 
201 396 
191 404 
196 407 
204 407 
205 413 
213 417 
222 417 
249 386 
263 375 
274 369 
285 358 
290 355 
295 354 
300 353 
306 353 
313 355 
317 353 
323 352 
339 317 
342 320 
349 329 
354 327 
364 334 
374 341 
383 346 
392 347 
403 352 
413 367 
419 364 
425 359 
424 367 
427 371 
436 374 
428 350 
