163 179 
182 189 
191 187 
192 186 
190 188 
189 185 
189 186 
197 187 
190 189 
199 185 
199 190 
205 192 
208 186 
204 191 
209 192 
210 195 
221 195 
232 191 
240 191 
252 188 
264 189 
266 192 
274 197 
271 200 
243 196 
248 196 
256 200 
262 205 
267 213 
274 220 
314 247 
321 255 
320 265 
323 274 
324 277 
291 255 
290 265 
316 317 
311 319 
308 325 
300 333 
290 338 
283 346 
273 351 
264 360 
253 364 
245 370 
237 374 
231 382 
226 392 
218 395 
210 393 
203 394 
197 404 
190 407 
184 410 
181 409 
186 414 
185 414 
194 416 
200 416 
209 415 
213 416 
224 416 
232 414 
244 415 
250 412 
260 410 
268 408 
278 410 
289 410 
299 410 
306 411 
314 412 
319 411 
325 412 
334 414 
337 408 
347 409 
354 404 
361 402 
367 403 
372 404 
378 403 
387 404 
390 404 
381 405 
380 407 
386 411 
383 409 
384 409 
345 391 
265 329 
378 408 
