239 214 
236 214 
236 215 
235 211 
235 210 
234 208 
233 207 
235 199 
233 190 
239 183 
240 170 
246 162 
254 156 
265 146 
276 141 
289 134 
305 139 
323 139 
338 143 
349 149 
359 166 
363 173 
361 183 
358 196 
345 214 
340 222 
318 247 
306 263 
292 283 
236 355 
233 355 
237 358 
235 356 
230 361 
231 362 
230 361 
236 362 
240 359 
243 356 
250 352 
253 353 
255 348 
264 351 
271 351 
273 352 
286 353 
294 356 
311 351 
328 355 
342 353 
355 354 
365 353 
367 355 
376 352 
381 353 
385 354 
384 353 
390 352 
390 351 
