190 226 
193 221 
192 218 
198 217 
202 217 
197 218 
206 217 
204 215 
208 219 
210 216 
209 211 
214 210 
226 204 
243 202 
270 211 
285 220 
290 225 
303 232 
317 238 
320 247 
323 250 
323 259 
325 269 
327 280 
311 290 
300 299 
292 313 
287 322 
273 330 
270 342 
248 346 
246 354 
230 361 
227 365 
215 370 
201 373 
192 373 
186 374 
176 378 
184 375 
179 378 
178 381 
181 380 
192 382 
205 384 
219 377 
233 378 
250 381 
268 380 
280 379 
298 377 
305 375 
314 374 
324 373 
333 371 
340 369 
346 365 
357 365 
363 361 
372 358 
376 359 
382 360 
383 358 
388 362 
374 356 
322 345 
358 358 
395 337 
