271 169 
279 173 
271 167 
270 169 
269 168 
270 162 
272 161 
275 158 
278 156 
283 156 
278 151 
279 151 
291 154 
300 155 
304 159 
315 156 
317 163 
320 164 
329 161 
338 162 
358 163 
365 168 
377 179 
378 191 
377 217 
371 235 
365 249 
352 262 
341 271 
338 324 
321 332 
307 338 
295 346 
283 351 
273 353 
261 356 
249 352 
240 353 
230 355 
223 357 
222 356 
222 360 
227 361 
238 358 
247 358 
253 358 
262 359 
274 357 
284 355 
301 356 
317 356 
326 354 
335 353 
343 353 
354 352 
367 353 
385 354 
399 354 
407 355 
411 357 
419 357 
424 359 
432 357 
432 356 
424 352 
423 347 
429 342 
428 329 
