216 213 
218 213 
210 210 
211 211 
212 207 
215 208 
209 206 
210 210 
213 209 
219 207 
224 205 
219 204 
227 202 
237 204 
238 204 
239 203 
242 206 
248 203 
252 206 
262 201 
271 197 
273 198 
274 201 
278 204 
286 200 
298 199 
342 176 
314 198 
413 265 
409 267 
408 268 
408 271 
406 273 
407 272 
408 271 
406 272 
405 273 
402 274 
400 278 
401 281 
389 287 
388 292 
387 297 
381 300 
377 311 
370 313 
359 317 
351 320 
347 326 
338 332 
333 337 
327 339 
324 342 
319 342 
310 347 
302 349 
293 352 
288 352 
281 355 
271 361 
260 359 
256 360 
249 362 
243 363 
238 363 
231 365 
223 362 
220 364 
216 364 
221 365 
216 372 
222 375 
229 369 
235 369 
242 373 
243 375 
247 377 
254 378 
262 375 
274 373 
283 371 
288 373 
295 372 
300 370 
309 371 
311 373 
318 372 
324 375 
328 372 
333 373 
335 375 
337 377 
340 376 
344 378 
356 375 
363 374 
368 372 
375 370 
382 369 
396 368 
392 362 
407 368 
407 363 
410 366 
416 370 
404 367 
421 368 
422 374 
442 378 
424 373 
428 373 
431 372 
451 369 
443 362 
