219 153 
225 158 
218 157 
220 158 
219 160 
220 161 
221 161 
223 159 
221 156 
225 159 
225 156 
219 153 
375 200 
374 197 
368 191 
361 184 
350 174 
347 166 
341 166 
340 167 
344 169 
344 171 
349 175 
348 181 
345 187 
346 198 
345 207 
346 215 
341 225 
334 228 
324 236 
315 249 
300 264 
288 280 
281 291 
272 308 
265 318 
254 330 
244 338 
232 340 
228 345 
219 349 
206 353 
180 354 
174 357 
175 357 
196 360 
184 358 
189 352 
221 355 
237 345 
250 340 
256 337 
265 342 
272 342 
282 345 
298 351 
313 354 
327 361 
342 364 
355 362 
362 365 
369 363 
377 368 
388 369 
392 366 
401 372 
400 372 
351 373 
384 358 
