193 137 
130 67 
130 65 
131 61 
131 60 
110 48 
242 175 
263 193 
251 174 
254 172 
239 176 
275 179 
269 176 
303 178 
299 168 
322 182 
326 186 
340 206 
338 211 
336 207 
346 224 
344 234 
344 248 
331 258 
319 275 
307 290 
296 303 
294 353 
283 359 
263 363 
250 365 
239 368 
225 368 
218 370 
214 373 
209 373 
207 372 
210 376 
222 372 
238 379 
252 379 
268 382 
280 385 
295 386 
314 389 
332 388 
352 389 
366 386 
380 385 
388 383 
393 380 
400 381 
403 380 
404 378 
401 376 
392 372 
383 370 
361 419 
