172 193 
169 191 
173 195 
167 191 
170 190 
168 189 
173 190 
175 190 
175 189 
174 188 
173 187 
182 187 
180 184 
183 185 
189 182 
193 180 
196 182 
204 185 
205 185 
210 184 
213 186 
214 187 
213 185 
215 185 
216 185 
219 191 
213 189 
259 185 
224 187 
225 186 
274 179 
279 180 
286 183 
294 181 
252 187 
309 187 
283 199 
286 201 
289 208 
229 208 
291 222 
289 230 
287 236 
288 258 
283 271 
276 284 
278 297 
275 303 
266 311 
259 312 
249 318 
238 323 
237 331 
222 334 
209 343 
193 351 
187 355 
178 363 
170 372 
167 374 
160 387 
167 315 
383 381 
381 384 
387 383 
387 384 
389 383 
389 384 
388 382 
388 381 
375 375 
374 374 
385 374 
377 372 
380 371 
