229 206 
231 207 
232 207 
229 205 
233 204 
233 205 
231 205 
233 198 
235 197 
236 192 
239 188 
242 180 
250 175 
253 167 
252 165 
261 163 
265 161 
278 155 
286 154 
302 152 
312 155 
318 157 
329 163 
337 166 
345 175 
345 179 
344 187 
344 195 
340 203 
336 213 
331 222 
322 233 
315 242 
307 249 
297 261 
290 272 
276 286 
263 297 
258 306 
249 319 
236 330 
233 338 
227 354 
223 359 
228 352 
235 354 
244 348 
254 348 
259 348 
267 349 
278 349 
286 351 
294 352 
305 354 
320 357 
331 354 
340 359 
349 357 
360 360 
359 354 
357 353 
354 348 
350 346 
