198 159 
197 182 
212 179 
231 182 
207 193 
207 200 
204 200 
207 199 
206 196 
203 194 
210 189 
208 184 
207 183 
208 188 
207 188 
216 188 
224 187 
239 188 
242 189 
256 189 
285 186 
314 180 
332 173 
356 173 
356 182 
358 187 
367 199 
369 204 
369 210 
371 231 
361 242 
357 264 
341 282 
331 294 
318 301 
305 323 
294 331 
281 339 
269 345 
258 349 
239 353 
229 355 
222 356 
214 355 
207 359 
208 361 
192 361 
185 361 
177 366 
174 372 
177 374 
189 374 
205 369 
224 366 
257 372 
261 362 
277 359 
300 356 
317 357 
327 356 
337 355 
345 352 
360 353 
382 355 
395 356 
404 356 
407 355 
423 361 
427 362 
441 361 
451 362 
448 361 
443 363 
448 359 
445 358 
429 351 
394 339 
400 348 
435 344 
