147 162 
147 164 
145 165 
147 165 
147 167 
149 170 
149 171 
151 171 
150 170 
150 171 
153 173 
154 174 
158 172 
156 170 
160 168 
408 166 
399 165 
406 167 
408 168 
404 166 
408 166 
401 168 
406 170 
407 170 
399 171 
411 174 
412 175 
399 179 
410 181 
406 181 
413 184 
412 184 
415 186 
416 191 
421 196 
421 200 
422 203 
426 210 
423 207 
425 207 
428 209 
442 184 
432 222 
436 230 
434 238 
434 247 
439 257 
437 269 
434 302 
431 313 
422 322 
409 328 
398 333 
382 341 
368 344 
356 345 
344 346 
335 345 
330 348 
316 353 
312 360 
303 364 
290 370 
278 375 
265 384 
261 387 
261 386 
250 388 
245 390 
242 392 
232 393 
219 399 
218 398 
219 398 
220 401 
219 402 
226 406 
235 407 
244 402 
256 401 
267 397 
275 394 
280 394 
287 392 
292 393 
294 393 
298 393 
299 393 
304 394 
313 393 
319 394 
325 396 
331 395 
341 397 
347 396 
354 397 
363 397 
367 397 
370 393 
373 392 
384 392 
390 391 
402 390 
405 388 
414 389 
425 388 
439 386 
417 384 
471 389 
470 390 
468 390 
471 389 
469 389 
469 390 
469 388 
466 386 
463 385 
457 385 
396 369 
