256 161 
255 158 
251 151 
254 147 
258 143 
258 140 
258 133 
264 131 
268 122 
277 121 
284 121 
291 120 
302 116 
308 116 
317 116 
325 113 
337 116 
343 123 
353 126 
366 132 
373 143 
376 153 
376 161 
376 162 
369 174 
364 176 
361 183 
353 194 
345 205 
337 221 
328 234 
316 261 
313 266 
302 281 
288 290 
281 298 
274 306 
267 312 
263 312 
253 308 
250 319 
242 326 
233 330 
234 337 
228 346 
229 338 
230 339 
239 337 
252 343 
263 344 
267 343 
277 343 
289 344 
296 347 
308 354 
322 353 
333 355 
340 357 
353 357 
358 359 
364 360 
368 356 
