249 220 
247 220 
251 220 
249 219 
248 221 
247 223 
247 222 
244 215 
243 206 
250 195 
255 180 
261 177 
275 173 
280 175 
284 169 
293 168 
306 159 
319 163 
341 172 
344 168 
359 179 
370 190 
371 206 
366 218 
358 235 
349 248 
342 263 
326 287 
319 296 
312 306 
299 315 
286 327 
273 338 
263 347 
250 348 
239 361 
232 372 
221 383 
214 390 
213 398 
211 394 
217 394 
222 394 
226 395 
237 395 
243 395 
254 396 
260 398 
265 398 
271 399 
279 401 
287 401 
297 403 
305 404 
314 405 
320 405 
329 405 
338 406 
346 406 
354 405 
360 404 
372 403 
374 402 
377 401 
388 404 
