215 172 
214 179 
215 179 
217 179 
217 183 
218 186 
217 182 
219 179 
219 177 
219 171 
220 170 
222 167 
224 169 
228 164 
229 159 
236 160 
237 157 
243 152 
246 148 
252 144 
250 146 
258 141 
259 142 
265 137 
271 142 
281 136 
289 143 
290 152 
298 149 
301 151 
307 151 
316 155 
320 157 
321 163 
331 166 
335 177 
332 181 
328 189 
320 202 
312 211 
309 214 
298 241 
288 251 
278 261 
273 268 
261 281 
255 283 
249 292 
245 290 
237 299 
234 305 
226 314 
222 321 
218 336 
212 344 
216 343 
218 343 
210 353 
214 352 
219 346 
227 340 
237 340 
248 339 
252 339 
263 340 
272 347 
277 349 
285 347 
297 348 
307 354 
320 355 
331 354 
342 352 
349 359 
358 354 
367 354 
367 349 
366 348 
375 347 
375 343 
373 340 
373 337 
