265 187 
263 191 
265 189 
264 188 
267 188 
263 188 
264 186 
263 186 
263 183 
261 178 
264 175 
263 172 
266 165 
268 162 
273 158 
274 158 
273 150 
275 157 
280 147 
282 150 
282 142 
281 142 
289 137 
295 140 
298 135 
312 135 
322 133 
335 138 
351 138 
355 144 
366 144 
372 154 
379 157 
380 163 
382 171 
383 176 
377 183 
377 189 
368 202 
361 211 
352 221 
343 238 
329 260 
314 278 
306 286 
298 291 
290 301 
288 305 
279 308 
274 316 
267 324 
268 325 
258 336 
255 335 
258 332 
263 331 
268 328 
278 324 
286 325 
297 327 
303 326 
312 327 
324 327 
328 329 
341 327 
351 329 
362 334 
380 334 
391 332 
402 334 
408 330 
417 329 
421 332 
