212 191 
215 186 
214 180 
216 168 
216 167 
216 165 
220 166 
220 165 
221 157 
226 145 
225 141 
228 140 
235 137 
238 138 
246 136 
248 137 
251 133 
256 134 
267 135 
271 137 
285 133 
291 136 
300 140 
313 144 
330 149 
329 236 
333 234 
337 233 
333 244 
331 249 
332 248 
333 250 
330 256 
322 265 
316 264 
300 285 
298 284 
298 282 
284 290 
280 292 
279 290 
268 300 
265 302 
257 308 
248 314 
239 326 
229 337 
225 339 
207 362 
207 367 
206 370 
285 375 
282 375 
283 376 
284 376 
287 378 
288 378 
288 379 
288 380 
288 379 
298 381 
302 380 
309 380 
316 382 
325 378 
331 379 
336 378 
343 379 
345 378 
346 381 
349 380 
354 379 
362 377 
366 379 
364 376 
362 378 
359 367 
352 366 
352 360 
349 355 
