240 182 
243 184 
242 181 
243 180 
241 180 
243 186 
242 181 
244 183 
241 182 
245 178 
246 179 
250 175 
253 169 
255 164 
257 156 
262 152 
268 151 
276 145 
276 147 
283 141 
294 141 
310 135 
324 132 
342 137 
355 140 
368 148 
372 157 
380 156 
382 175 
380 186 
369 205 
361 217 
357 230 
350 244 
340 257 
333 273 
320 283 
310 291 
301 301 
288 309 
286 316 
274 333 
267 339 
258 355 
256 363 
249 364 
252 367 
252 363 
257 357 
261 357 
268 351 
274 348 
282 350 
287 353 
292 356 
300 356 
308 361 
316 366 
322 366 
332 363 
339 368 
345 368 
354 367 
360 366 
368 369 
378 369 
384 370 
