232 226 
233 223 
239 226 
235 227 
235 225 
234 222 
234 224 
236 222 
238 216 
241 209 
246 207 
252 196 
257 192 
261 184 
269 179 
275 178 
282 179 
290 173 
297 174 
315 171 
318 171 
335 169 
339 178 
343 181 
346 183 
347 194 
348 201 
346 201 
338 215 
333 235 
328 243 
320 259 
314 265 
307 286 
303 289 
299 297 
288 304 
281 311 
275 324 
270 338 
266 349 
262 352 
255 359 
246 365 
241 378 
230 391 
230 394 
232 397 
229 394 
233 392 
239 386 
247 379 
254 381 
260 377 
267 378 
268 380 
275 384 
279 384 
287 387 
295 389 
300 384 
315 390 
324 386 
332 387 
340 387 
346 385 
356 385 
368 387 
370 389 
372 385 
372 383 
377 385 
377 382 
377 377 
