238 183 
236 183 
237 180 
237 179 
239 179 
241 179 
239 178 
239 172 
240 168 
237 163 
241 156 
246 146 
246 139 
251 125 
254 121 
265 115 
279 109 
292 111 
307 107 
319 109 
333 115 
351 125 
365 127 
372 143 
375 149 
367 165 
353 184 
345 196 
336 212 
327 227 
316 256 
242 332 
237 329 
237 332 
233 335 
232 337 
223 345 
226 348 
216 359 
216 361 
210 366 
219 371 
222 370 
364 363 
365 361 
362 367 
364 373 
365 377 
365 378 
363 377 
367 378 
369 379 
367 375 
371 376 
375 376 
385 376 
398 372 
398 377 
396 376 
