245 267 
247 268 
246 265 
242 260 
240 257 
238 250 
241 246 
243 240 
249 230 
252 223 
259 218 
266 210 
276 202 
291 194 
302 189 
324 177 
336 180 
356 181 
372 186 
382 201 
383 209 
376 229 
369 240 
362 256 
360 262 
347 279 
338 291 
329 302 
319 315 
306 327 
289 343 
270 358 
257 372 
251 383 
243 390 
239 396 
240 399 
242 397 
247 395 
255 392 
263 389 
266 390 
277 389 
286 393 
297 393 
316 397 
337 399 
352 398 
369 399 
381 398 
397 398 
402 396 
410 393 
410 392 
408 392 
407 391 
