210 211 
208 210 
212 208 
212 209 
214 201 
218 199 
220 196 
225 190 
230 179 
238 174 
257 169 
264 164 
285 167 
311 167 
333 177 
348 192 
347 200 
342 218 
333 235 
321 249 
308 264 
294 281 
279 303 
273 313 
260 324 
255 327 
238 342 
224 358 
211 368 
201 387 
191 397 
190 397 
189 395 
195 394 
203 397 
210 399 
218 400 
225 398 
233 399 
246 401 
253 402 
262 400 
274 402 
285 403 
291 401 
300 401 
310 403 
322 403 
332 402 
334 402 
338 402 
345 402 
356 402 
359 402 
366 400 
363 400 
369 399 
368 398 
371 395 
376 396 
377 396 
378 396 
379 395 
376 394 
378 395 
376 396 
375 395 
373 394 
369 388 
366 386 
