236 193 
220 196 
238 192 
231 193 
231 190 
230 193 
230 189 
219 192 
229 190 
226 192 
224 189 
232 188 
240 185 
243 182 
245 181 
259 181 
262 180 
275 175 
283 172 
298 172 
308 173 
314 175 
325 179 
325 186 
325 193 
335 206 
333 219 
335 236 
319 245 
328 262 
326 272 
321 283 
319 293 
310 309 
305 316 
302 325 
296 333 
287 337 
279 345 
267 350 
256 351 
250 358 
242 360 
236 365 
231 367 
229 371 
213 372 
208 378 
200 385 
198 392 
191 393 
186 394 
181 397 
185 397 
182 396 
182 399 
189 405 
195 407 
204 407 
219 409 
229 410 
239 409 
245 409 
255 407 
267 407 
278 404 
287 406 
294 402 
303 404 
312 400 
322 401 
331 400 
346 400 
353 397 
367 396 
373 388 
386 387 
401 383 
402 382 
418 389 
420 387 
428 385 
447 389 
454 393 
459 394 
447 393 
458 398 
