490 214 
489 215 
487 216 
484 216 
479 221 
476 218 
474 214 
468 218 
462 218 
454 218 
442 222 
430 221 
415 225 
403 224 
392 223 
382 220 
367 222 
360 213 
353 210 
348 209 
353 206 
348 222 
353 240 
363 253 
368 267 
365 279 
364 288 
361 297 
358 301 
357 302 
358 300 
360 296 
367 292 
380 284 
395 280 
403 283 
416 281 
422 286 
432 293 
438 301 
445 307 
449 310 
451 317 
455 324 
454 332 
459 334 
456 341 
453 350 
438 366 
417 381 
401 393 
330 406 
332 408 
341 410 
343 413 
342 416 
343 415 
349 415 
344 419 
342 418 
338 417 
334 413 
330 396 
