427 214 
428 212 
430 210 
428 213 
429 208 
430 210 
432 207 
431 207 
432 204 
428 195 
425 188 
419 178 
412 169 
400 160 
385 150 
377 145 
363 148 
345 149 
326 153 
314 163 
298 189 
294 203 
300 208 
311 214 
322 222 
334 233 
342 241 
355 253 
371 266 
393 279 
406 297 
422 305 
433 318 
442 331 
442 354 
442 373 
435 382 
425 388 
410 393 
392 398 
375 399 
353 399 
332 397 
312 394 
301 386 
293 365 
292 349 
299 336 
305 327 
313 316 
320 308 
330 302 
338 293 
353 283 
366 273 
377 264 
390 253 
404 239 
412 233 
419 230 
419 228 
421 228 
425 222 
427 220 
426 223 
429 218 
427 215 
