322 199 
323 197 
322 196 
320 195 
316 189 
317 185 
307 175 
295 169 
282 165 
275 157 
259 159 
243 167 
229 174 
218 206 
218 217 
209 217 
210 232 
213 241 
218 244 
228 249 
241 253 
253 257 
269 259 
284 267 
297 278 
310 289 
315 298 
321 309 
323 315 
328 326 
330 341 
330 346 
328 354 
327 362 
323 371 
316 377 
313 385 
302 389 
297 393 
284 394 
273 394 
257 397 
239 392 
228 390 
215 386 
209 378 
200 372 
198 358 
196 355 
198 346 
201 340 
201 332 
211 326 
209 320 
214 313 
214 305 
220 300 
229 297 
234 290 
242 278 
246 271 
254 264 
262 260 
270 256 
280 249 
288 246 
293 239 
298 237 
305 232 
311 225 
313 228 
323 217 
321 216 
322 215 
324 209 
323 206 
324 198 
328 199 
325 195 
325 191 
324 188 
