331 221 
331 224 
332 222 
334 224 
332 222 
334 219 
333 213 
328 196 
319 176 
307 162 
293 147 
278 141 
257 140 
245 155 
226 177 
225 219 
217 227 
226 232 
239 237 
255 244 
270 256 
283 265 
294 282 
298 294 
299 311 
300 325 
304 339 
306 352 
305 360 
301 367 
293 374 
289 375 
284 379 
277 382 
270 385 
256 382 
242 386 
227 383 
219 381 
213 378 
204 370 
200 366 
200 362 
194 353 
196 344 
196 336 
202 326 
203 317 
214 311 
216 303 
225 301 
224 285 
232 278 
243 271 
246 264 
259 256 
268 253 
279 245 
285 238 
291 233 
298 226 
301 225 
307 222 
311 214 
318 215 
319 212 
319 211 
321 207 
326 199 
329 194 
324 198 
327 194 
