407 160 
401 153 
392 146 
384 140 
375 137 
364 136 
360 137 
351 136 
337 140 
334 143 
327 152 
324 164 
321 179 
319 197 
321 210 
325 222 
333 225 
346 228 
356 230 
364 234 
381 240 
389 248 
397 257 
404 263 
414 278 
419 286 
422 300 
420 310 
419 315 
418 330 
417 341 
413 349 
409 356 
402 359 
394 365 
389 368 
382 374 
376 375 
365 379 
348 379 
327 375 
305 374 
290 367 
281 362 
273 353 
268 342 
265 334 
265 324 
268 316 
271 301 
274 290 
281 283 
288 277 
294 266 
300 262 
310 256 
313 254 
320 251 
325 249 
332 244 
340 240 
342 239 
352 236 
357 237 
359 233 
365 232 
371 229 
373 222 
380 221 
385 215 
384 210 
387 207 
391 205 
395 199 
396 192 
399 191 
401 188 
407 183 
408 177 
405 178 
408 173 
410 171 
412 167 
392 178 
406 169 
