416 203 
416 200 
413 200 
412 195 
410 189 
406 185 
402 183 
395 176 
389 173 
376 167 
368 166 
360 169 
350 164 
340 165 
331 174 
322 174 
315 177 
310 192 
307 196 
307 210 
306 223 
312 228 
315 238 
323 243 
331 251 
336 254 
347 258 
356 261 
366 265 
369 269 
377 277 
384 277 
387 282 
390 289 
395 293 
396 301 
403 300 
409 305 
414 310 
415 317 
413 325 
412 341 
411 344 
413 350 
407 361 
402 368 
395 371 
389 372 
384 377 
378 377 
371 381 
361 379 
348 380 
330 380 
314 376 
303 369 
294 359 
286 350 
284 339 
283 328 
283 319 
289 311 
290 302 
295 289 
304 286 
312 275 
321 260 
331 256 
340 252 
350 241 
360 242 
371 240 
381 234 
394 228 
404 226 
412 224 
419 224 
418 226 
424 221 
418 221 
420 216 
421 219 
