396 235 
398 233 
398 228 
401 223 
399 223 
399 218 
398 218 
394 217 
394 209 
389 201 
384 195 
375 193 
368 192 
359 191 
347 190 
335 195 
321 201 
311 211 
304 220 
294 240 
291 257 
291 270 
294 281 
303 279 
314 286 
341 290 
358 293 
367 304 
375 310 
384 312 
390 322 
396 331 
399 347 
396 360 
391 372 
384 381 
376 386 
371 388 
368 390 
357 391 
348 395 
338 392 
331 389 
318 386 
315 381 
309 376 
305 360 
305 352 
306 347 
309 337 
314 329 
316 319 
323 309 
328 301 
337 292 
343 288 
352 278 
360 266 
367 269 
372 255 
374 252 
379 248 
383 243 
388 239 
395 234 
393 229 
393 228 
393 229 
397 227 
394 226 
397 223 
396 222 
398 221 
398 224 
401 224 
400 225 
399 225 
401 221 
