464 149 
468 149 
464 149 
466 148 
466 145 
466 144 
465 141 
462 134 
460 132 
457 127 
451 121 
446 113 
437 110 
432 100 
422 102 
415 98 
403 94 
394 93 
384 96 
373 98 
360 107 
361 111 
356 119 
351 135 
346 152 
347 163 
353 179 
358 189 
367 194 
385 200 
399 206 
414 212 
426 226 
441 230 
448 248 
455 257 
463 266 
468 280 
468 296 
471 304 
462 325 
463 335 
457 345 
451 350 
444 355 
440 357 
436 357 
424 359 
411 357 
398 359 
386 354 
371 358 
361 356 
353 347 
346 346 
343 343 
342 331 
341 335 
339 323 
337 312 
343 293 
350 271 
357 260 
365 247 
376 236 
388 228 
402 219 
410 212 
414 205 
424 198 
433 196 
440 189 
445 182 
448 179 
455 173 
457 174 
461 169 
461 160 
443 167 
447 156 
