436 176 
431 177 
428 173 
422 161 
417 154 
409 149 
400 143 
386 136 
373 136 
357 139 
338 156 
332 173 
326 188 
329 204 
333 211 
344 219 
353 222 
363 224 
375 224 
388 227 
399 238 
411 241 
422 253 
433 260 
439 284 
447 298 
444 315 
440 329 
433 346 
422 353 
413 359 
403 364 
393 368 
382 374 
371 376 
349 376 
332 376 
318 373 
307 366 
298 363 
295 357 
293 353 
293 345 
292 337 
293 328 
293 319 
296 305 
300 308 
307 297 
310 292 
318 283 
322 278 
331 275 
334 273 
342 269 
347 264 
353 260 
361 257 
364 253 
373 247 
379 246 
382 241 
392 238 
398 231 
402 228 
406 226 
411 221 
415 216 
418 211 
420 208 
423 207 
428 200 
429 189 
428 192 
432 184 
430 184 
416 187 
