414 201 
412 203 
415 196 
416 198 
416 199 
417 197 
416 197 
415 191 
413 183 
403 174 
400 168 
392 157 
380 151 
366 149 
345 149 
334 150 
312 168 
299 182 
292 195 
295 211 
306 215 
326 221 
341 228 
365 236 
389 240 
411 257 
430 271 
443 290 
450 312 
444 334 
434 339 
424 356 
415 363 
406 365 
391 367 
372 373 
352 370 
331 366 
308 357 
291 344 
283 330 
281 318 
277 306 
280 291 
283 278 
292 270 
300 266 
308 257 
315 254 
330 250 
342 243 
356 238 
370 229 
379 223 
395 216 
402 210 
412 206 
416 205 
422 200 
421 203 
418 203 
418 200 
419 199 
