445 168 
446 172 
447 171 
444 171 
446 171 
446 164 
446 165 
442 161 
437 158 
424 149 
409 140 
393 135 
371 126 
349 121 
329 129 
310 151 
300 173 
305 192 
309 199 
317 202 
327 210 
346 213 
364 217 
387 232 
408 248 
427 268 
434 289 
446 312 
441 328 
437 340 
429 347 
419 356 
407 362 
402 366 
381 370 
364 373 
351 372 
327 373 
306 367 
292 360 
282 349 
279 337 
277 326 
280 318 
283 305 
287 298 
292 291 
301 285 
313 270 
323 264 
341 256 
353 246 
362 245 
366 245 
381 240 
388 232 
403 228 
410 222 
390 224 
427 206 
