498 205 
498 202 
495 203 
498 199 
496 195 
494 200 
495 191 
488 182 
482 173 
472 158 
462 148 
449 139 
432 136 
409 129 
391 129 
374 142 
362 158 
356 177 
358 194 
368 209 
378 219 
394 227 
409 234 
430 245 
441 255 
455 265 
472 280 
484 295 
495 311 
498 325 
498 341 
499 353 
489 364 
479 371 
470 377 
461 379 
448 380 
429 382 
409 385 
389 385 
375 379 
365 375 
355 367 
351 357 
345 347 
344 336 
346 324 
348 314 
354 297 
360 284 
368 275 
381 264 
389 256 
398 248 
408 240 
418 234 
427 230 
433 223 
444 217 
454 213 
463 213 
469 209 
477 206 
481 204 
485 205 
486 207 
