293 202 
291 197 
295 198 
292 192 
295 190 
300 190 
300 191 
296 190 
305 177 
313 175 
322 164 
330 165 
346 163 
356 166 
368 173 
382 183 
387 190 
395 199 
400 207 
402 217 
392 231 
384 239 
372 249 
364 250 
346 257 
327 262 
316 265 
317 265 
318 266 
323 264 
331 263 
344 262 
354 267 
368 268 
385 273 
391 284 
401 293 
409 305 
412 315 
410 327 
411 334 
408 337 
405 346 
401 356 
393 364 
388 371 
381 378 
372 381 
364 383 
351 383 
335 384 
326 382 
320 384 
311 381 
302 382 
301 380 
296 379 
284 374 
283 374 
279 371 
275 365 
273 358 
272 354 
269 341 
267 337 
258 332 
