266 152 
265 149 
266 142 
269 138 
268 135 
269 133 
278 125 
339 118 
342 119 
342 118 
343 116 
343 120 
346 119 
346 122 
349 125 
353 126 
363 126 
369 128 
379 131 
385 135 
389 137 
392 136 
394 145 
400 144 
406 142 
410 152 
413 161 
415 167 
417 174 
417 180 
414 186 
411 189 
408 196 
402 197 
403 201 
402 202 
399 200 
396 207 
390 214 
387 217 
388 220 
379 225 
370 229 
371 232 
363 233 
357 235 
355 232 
342 235 
341 234 
333 242 
329 240 
315 243 
315 245 
315 242 
308 242 
312 241 
314 240 
317 230 
322 238 
330 232 
337 238 
344 238 
352 235 
355 238 
361 240 
368 246 
377 248 
385 251 
392 252 
397 260 
402 263 
403 264 
407 271 
413 284 
419 289 
421 295 
427 299 
429 313 
426 324 
429 327 
425 331 
423 338 
422 346 
419 351 
411 354 
405 359 
403 362 
399 365 
391 373 
390 371 
385 376 
376 382 
368 382 
354 383 
343 388 
332 390 
322 389 
317 392 
310 391 
305 391 
298 392 
291 393 
281 392 
274 388 
258 385 
250 379 
249 384 
243 381 
245 377 
239 371 
237 365 
236 359 
238 356 
238 354 
240 347 
242 343 
