309 272 
312 268 
312 265 
309 262 
311 259 
312 259 
316 256 
316 254 
319 249 
324 246 
335 242 
338 242 
355 238 
356 240 
364 239 
379 238 
382 244 
396 241 
403 251 
417 256 
421 301 
425 298 
427 303 
427 301 
429 304 
429 303 
427 304 
425 305 
418 309 
417 308 
411 317 
410 322 
405 326 
402 330 
401 331 
398 335 
391 338 
386 337 
386 339 
376 338 
364 343 
367 336 
360 340 
356 341 
352 335 
354 338 
356 340 
356 336 
358 337 
364 338 
367 336 
374 336 
380 336 
385 339 
388 335 
390 342 
397 342 
400 349 
404 351 
408 351 
412 356 
411 355 
414 360 
418 363 
420 368 
425 371 
427 373 
426 377 
426 384 
427 389 
429 397 
429 403 
430 406 
428 411 
427 413 
427 419 
426 423 
424 424 
422 424 
420 426 
417 427 
416 430 
415 431 
412 435 
408 438 
404 441 
400 444 
391 449 
389 449 
385 452 
358 452 
355 450 
355 451 
354 452 
352 450 
288 435 
288 437 
290 438 
285 436 
288 437 
288 436 
286 436 
280 433 
276 430 
278 431 
275 430 
269 426 
267 423 
268 421 
267 417 
265 415 
264 415 
263 413 
263 410 
262 409 
266 411 
266 407 
267 406 
