312 278 
313 275 
312 276 
314 277 
316 277 
317 276 
318 272 
321 269 
322 265 
325 264 
341 257 
356 252 
377 250 
394 253 
409 259 
411 274 
409 285 
406 296 
392 306 
376 311 
360 318 
349 324 
337 327 
338 327 
344 328 
350 326 
356 322 
363 323 
381 321 
395 327 
414 328 
431 338 
438 348 
440 360 
435 371 
426 384 
422 395 
415 402 
408 408 
397 414 
383 424 
365 426 
344 427 
329 424 
318 421 
306 419 
297 419 
287 414 
282 410 
277 402 
275 400 
276 400 
275 396 
273 391 
273 389 
268 390 
