277 207 
277 203 
275 205 
277 203 
275 200 
280 202 
282 197 
281 193 
286 191 
292 188 
297 184 
301 183 
308 179 
313 182 
318 182 
326 188 
332 185 
340 188 
350 190 
356 192 
366 192 
377 195 
383 200 
386 204 
389 205 
391 215 
394 217 
400 221 
400 227 
397 234 
395 238 
393 242 
391 247 
387 254 
386 261 
383 261 
381 258 
371 264 
370 267 
361 270 
361 269 
359 273 
349 278 
339 280 
340 281 
338 283 
332 289 
331 288 
325 287 
319 286 
320 284 
323 277 
328 282 
337 282 
342 283 
350 283 
356 286 
363 289 
376 298 
388 305 
395 315 
400 321 
403 324 
407 332 
408 339 
414 346 
412 355 
409 364 
407 371 
404 375 
401 376 
397 385 
391 391 
387 393 
381 393 
376 395 
364 398 
353 401 
348 403 
333 406 
325 410 
314 412 
308 413 
294 412 
289 411 
282 410 
277 407 
273 403 
270 400 
269 396 
266 393 
264 389 
263 386 
264 382 
263 380 
263 378 
262 377 
257 376 
