282 187 
281 190 
282 189 
283 186 
283 189 
285 186 
286 182 
287 179 
293 180 
299 171 
302 159 
306 158 
317 149 
318 148 
329 142 
338 141 
344 142 
354 145 
360 150 
376 150 
390 159 
399 167 
407 178 
416 185 
417 197 
416 205 
413 214 
404 220 
390 232 
379 240 
366 251 
353 257 
338 265 
324 285 
314 297 
311 298 
310 297 
312 291 
319 288 
327 277 
338 265 
347 264 
356 262 
364 263 
374 263 
387 272 
402 273 
416 284 
431 299 
440 313 
449 330 
452 342 
450 356 
445 366 
438 384 
427 390 
418 401 
411 404 
399 412 
383 416 
369 417 
358 421 
348 421 
341 420 
333 420 
325 419 
317 419 
311 417 
305 413 
303 410 
299 410 
293 403 
283 392 
284 393 
282 381 
279 375 
275 365 
