311 163 
313 160 
313 157 
318 161 
316 158 
322 153 
326 149 
333 147 
336 144 
350 143 
353 137 
363 135 
381 137 
383 138 
395 141 
402 142 
413 142 
420 148 
425 155 
444 169 
441 179 
445 190 
441 204 
436 214 
424 219 
416 228 
404 236 
401 237 
377 250 
376 251 
359 261 
348 269 
344 272 
346 269 
348 267 
350 259 
356 254 
366 247 
372 246 
381 251 
399 252 
411 261 
430 269 
442 279 
451 288 
457 297 
457 309 
459 323 
455 336 
450 350 
441 362 
437 368 
426 376 
408 387 
400 392 
386 395 
365 397 
355 398 
339 395 
327 391 
320 387 
314 381 
311 380 
308 379 
299 363 
296 353 
292 344 
289 341 
288 339 
