278 157 
274 153 
277 154 
276 152 
277 148 
278 145 
281 142 
281 137 
289 131 
293 122 
298 123 
307 122 
313 118 
318 119 
327 116 
338 115 
348 118 
369 125 
383 130 
399 142 
405 149 
415 165 
425 182 
422 194 
414 199 
398 208 
389 214 
379 217 
373 222 
355 230 
340 237 
321 243 
309 245 
295 258 
297 260 
298 255 
305 245 
312 236 
326 228 
333 226 
341 225 
356 234 
369 235 
382 241 
402 254 
414 273 
423 288 
422 306 
425 318 
420 336 
416 343 
407 356 
400 370 
390 378 
382 385 
366 391 
355 395 
342 399 
323 399 
308 399 
295 394 
285 392 
276 382 
277 376 
269 370 
267 364 
268 360 
266 356 
263 350 
260 348 
