292 146 
296 146 
295 140 
293 137 
294 132 
297 127 
296 121 
305 115 
312 116 
330 109 
349 111 
371 116 
391 126 
406 137 
411 155 
411 170 
409 184 
405 195 
398 202 
387 215 
372 220 
347 227 
327 232 
319 238 
315 233 
317 231 
320 227 
328 220 
340 217 
355 215 
372 216 
387 224 
403 235 
415 250 
419 278 
423 298 
422 317 
416 329 
404 344 
392 356 
379 374 
361 385 
337 389 
312 390 
295 383 
282 380 
273 368 
268 358 
261 348 
264 339 
262 332 
259 327 
255 326 
254 324 
245 317 
245 315 
245 323 
