264 199 
265 198 
264 200 
265 200 
265 202 
267 203 
268 206 
269 201 
274 200 
280 189 
281 182 
290 173 
291 176 
299 171 
308 167 
321 161 
330 160 
342 159 
359 161 
374 168 
388 175 
395 187 
399 196 
400 210 
395 215 
388 229 
373 243 
361 254 
346 269 
338 277 
322 285 
313 288 
295 297 
291 295 
294 297 
295 293 
297 288 
307 283 
318 271 
326 270 
331 270 
341 269 
349 272 
364 274 
377 280 
391 285 
406 291 
414 301 
427 317 
431 334 
433 352 
426 368 
419 377 
415 385 
407 393 
401 401 
389 411 
379 417 
362 425 
342 431 
324 434 
307 440 
285 436 
275 432 
265 428 
258 424 
255 416 
254 410 
251 408 
250 402 
