282 189 
281 184 
283 185 
283 186 
282 188 
284 188 
284 187 
286 188 
284 182 
286 182 
288 176 
290 169 
296 161 
309 155 
315 150 
323 147 
332 145 
339 142 
348 140 
352 141 
363 143 
386 151 
392 152 
404 160 
399 168 
408 173 
414 178 
414 188 
413 196 
410 206 
403 214 
394 218 
378 225 
374 235 
365 235 
354 247 
353 246 
349 245 
341 250 
342 248 
341 253 
342 254 
343 257 
346 256 
350 251 
356 243 
363 243 
372 244 
389 245 
393 254 
401 253 
411 262 
420 268 
427 276 
430 280 
432 288 
436 298 
434 307 
434 314 
428 328 
425 337 
420 342 
414 349 
409 357 
400 366 
387 370 
372 374 
355 382 
349 386 
331 384 
321 382 
311 383 
300 381 
298 377 
291 378 
286 375 
277 371 
273 362 
271 348 
271 337 
263 329 
254 318 
249 309 
