279 228 
282 224 
283 224 
283 219 
286 218 
288 215 
291 207 
290 200 
297 192 
299 190 
310 188 
324 180 
336 181 
347 177 
366 185 
382 190 
392 202 
400 211 
397 222 
395 236 
392 247 
381 255 
373 267 
359 279 
348 288 
332 298 
315 302 
307 306 
310 307 
316 301 
320 294 
330 289 
338 289 
347 289 
367 292 
386 296 
408 305 
419 313 
426 324 
429 338 
437 357 
435 372 
369 425 
373 425 
374 424 
375 424 
381 423 
381 425 
378 428 
376 429 
364 430 
353 429 
344 429 
339 431 
333 430 
325 429 
323 429 
315 429 
308 429 
305 428 
298 425 
285 422 
279 418 
272 410 
270 404 
265 400 
262 393 
262 388 
256 383 
256 378 
254 374 
