308 201 
308 202 
312 203 
309 201 
312 199 
312 196 
313 190 
316 184 
324 180 
329 175 
339 173 
347 174 
360 170 
375 175 
434 221 
433 218 
433 217 
428 206 
427 207 
426 203 
425 206 
429 211 
431 215 
435 226 
438 239 
440 243 
439 249 
429 263 
419 278 
411 289 
401 296 
391 303 
377 307 
359 313 
344 317 
335 315 
330 317 
333 315 
336 313 
338 310 
343 310 
354 301 
369 305 
385 310 
397 314 
408 323 
421 333 
427 342 
436 353 
438 362 
439 372 
442 379 
441 385 
440 384 
438 384 
438 388 
435 392 
427 402 
417 413 
406 421 
395 424 
382 426 
356 425 
338 426 
322 424 
312 426 
302 422 
301 417 
299 414 
298 414 
298 413 
300 410 
302 410 
301 409 
298 404 
297 398 
290 392 
275 433 
