269 232 
270 230 
274 232 
271 227 
275 226 
276 220 
282 217 
287 210 
300 200 
314 195 
325 191 
332 182 
346 188 
356 186 
368 193 
373 198 
385 204 
391 214 
393 225 
391 232 
386 245 
382 253 
376 263 
366 276 
361 280 
348 292 
328 305 
313 315 
308 318 
309 319 
312 314 
315 308 
323 298 
336 291 
346 294 
353 300 
368 302 
379 307 
392 313 
401 322 
409 329 
420 345 
419 351 
418 362 
413 378 
410 391 
402 399 
393 406 
392 412 
384 415 
369 419 
351 427 
327 430 
313 432 
298 428 
283 427 
272 427 
263 426 
257 424 
254 416 
252 415 
245 404 
245 396 
241 392 
