281 208 
282 210 
281 204 
284 201 
285 195 
286 192 
290 182 
295 179 
301 171 
313 166 
320 164 
338 160 
348 164 
360 167 
370 175 
385 186 
403 202 
412 215 
411 232 
400 245 
383 265 
373 269 
360 272 
346 278 
332 282 
330 277 
323 278 
318 292 
305 284 
308 285 
317 292 
321 283 
337 276 
350 277 
361 281 
380 286 
398 295 
410 301 
418 318 
426 333 
427 343 
431 360 
427 372 
420 382 
411 394 
399 401 
392 403 
383 405 
368 407 
351 412 
336 412 
317 409 
303 409 
296 407 
280 398 
277 395 
271 387 
273 388 
268 377 
266 369 
