298 141 
300 140 
296 139 
296 136 
298 136 
297 133 
301 134 
303 134 
303 129 
306 126 
308 122 
311 118 
315 112 
321 114 
330 111 
339 109 
352 108 
362 115 
377 120 
387 129 
401 137 
415 152 
417 164 
418 170 
412 183 
405 190 
397 195 
387 205 
379 212 
370 217 
359 220 
347 222 
343 222 
337 217 
321 218 
320 216 
322 214 
324 211 
330 212 
337 207 
349 208 
359 215 
373 219 
377 226 
388 237 
400 245 
406 262 
411 269 
412 282 
409 291 
408 302 
407 312 
403 321 
396 334 
387 341 
377 341 
357 352 
349 355 
335 358 
323 357 
315 354 
311 356 
295 349 
289 349 
283 346 
276 339 
268 338 
267 332 
263 326 
257 313 
254 305 
249 295 
241 286 
