295 143 
300 144 
301 137 
304 133 
306 129 
311 123 
323 115 
334 106 
354 116 
379 115 
403 129 
420 161 
420 181 
411 198 
393 213 
364 231 
338 243 
324 247 
329 249 
329 244 
334 236 
346 231 
358 230 
374 235 
393 242 
409 249 
431 272 
444 297 
445 321 
414 383 
421 379 
420 380 
424 382 
425 379 
426 381 
425 383 
421 385 
415 388 
405 395 
398 399 
393 402 
389 402 
385 403 
378 402 
370 403 
359 403 
354 404 
341 405 
330 402 
321 401 
305 396 
300 394 
291 389 
296 400 
281 378 
278 371 
273 363 
275 359 
274 355 
271 352 
272 349 
267 346 
