290 186 
290 185 
293 181 
294 180 
292 176 
292 172 
297 174 
291 170 
295 166 
300 167 
299 161 
302 160 
306 152 
312 148 
314 152 
316 152 
332 145 
334 145 
345 149 
350 148 
360 153 
365 154 
372 153 
375 151 
389 157 
397 160 
407 165 
432 212 
432 215 
434 219 
433 220 
432 223 
431 224 
432 224 
430 227 
427 229 
421 236 
417 241 
411 244 
402 245 
401 246 
385 260 
379 260 
377 260 
373 258 
362 259 
358 258 
351 259 
346 254 
338 256 
337 255 
336 250 
335 254 
333 256 
340 255 
345 256 
352 259 
357 260 
366 261 
372 263 
383 266 
384 266 
391 274 
398 282 
403 285 
403 295 
408 301 
413 307 
415 313 
412 323 
412 330 
414 337 
410 343 
404 351 
397 359 
391 363 
381 368 
366 377 
359 378 
350 383 
340 384 
334 386 
326 385 
318 386 
309 387 
302 386 
295 377 
288 376 
284 371 
282 366 
279 364 
275 362 
272 360 
270 360 
270 357 
267 354 
266 348 
260 343 
251 327 
239 319 
227 317 
229 315 
231 315 
