292 189 
292 187 
293 188 
291 189 
292 185 
294 180 
295 182 
298 182 
304 176 
306 174 
320 169 
329 168 
345 162 
361 156 
385 163 
402 164 
411 171 
427 193 
437 204 
430 220 
422 233 
412 243 
398 256 
389 265 
371 274 
355 283 
339 294 
326 296 
322 293 
320 296 
324 293 
333 290 
346 290 
367 292 
383 302 
402 309 
419 322 
428 338 
427 357 
422 368 
418 380 
412 390 
400 401 
390 407 
377 410 
358 417 
336 419 
317 419 
306 417 
297 412 
290 406 
282 394 
283 389 
281 384 
283 375 
274 362 
274 356 
273 354 
270 350 
264 352 
267 355 
269 358 
267 358 
262 361 
