339 150 
336 142 
332 142 
330 137 
324 132 
319 129 
313 127 
306 126 
297 119 
283 127 
275 131 
264 140 
255 150 
243 161 
235 171 
226 198 
221 215 
216 233 
218 249 
215 265 
215 283 
212 303 
212 319 
214 328 
215 343 
219 353 
221 359 
226 370 
230 377 
239 385 
244 388 
247 392 
250 393 
255 394 
258 393 
264 396 
272 397 
280 399 
289 400 
294 399 
301 397 
303 395 
314 390 
323 383 
328 377 
335 368 
336 358 
345 345 
349 335 
350 326 
353 314 
352 307 
352 301 
345 297 
339 287 
330 285 
319 283 
308 280 
298 283 
289 283 
277 286 
266 293 
254 295 
245 296 
236 305 
226 309 
226 315 
225 315 
