448 153 
444 148 
441 145 
437 144 
432 140 
428 137 
422 138 
419 133 
416 135 
408 139 
399 137 
384 149 
373 166 
365 175 
359 187 
354 201 
353 206 
347 217 
346 221 
345 235 
344 247 
344 262 
342 277 
345 295 
345 309 
348 319 
351 331 
354 333 
358 343 
362 352 
368 357 
374 360 
383 365 
390 369 
398 371 
402 372 
417 373 
425 373 
433 371 
437 371 
444 366 
447 362 
457 356 
458 352 
460 350 
463 343 
465 340 
469 330 
476 326 
474 318 
473 313 
469 307 
470 303 
465 285 
461 280 
456 267 
449 263 
441 260 
432 253 
426 250 
417 244 
412 242 
403 243 
398 246 
388 248 
377 254 
356 267 
350 272 
345 271 
340 279 
338 276 
335 274 
338 275 
