337 141 
330 140 
327 138 
321 134 
315 135 
310 139 
300 147 
290 158 
277 178 
264 199 
260 227 
254 250 
253 264 
248 278 
250 286 
247 302 
249 319 
253 336 
255 353 
264 370 
268 382 
275 392 
286 401 
294 406 
308 412 
317 412 
323 413 
332 413 
341 414 
349 413 
358 412 
365 406 
370 404 
376 400 
382 397 
383 392 
387 388 
390 380 
393 375 
395 368 
401 360 
406 354 
405 347 
409 341 
409 331 
406 323 
406 310 
404 300 
400 297 
395 287 
384 282 
373 279 
363 276 
352 276 
341 278 
329 285 
317 287 
299 294 
289 299 
274 307 
266 316 
257 322 
259 321 
255 329 
249 332 
248 334 
243 326 
237 337 
236 368 
