403 129 
401 128 
401 125 
398 123 
397 127 
395 124 
390 121 
384 122 
374 119 
363 125 
361 127 
345 132 
339 137 
326 151 
318 163 
304 188 
297 206 
292 216 
286 234 
278 247 
269 270 
268 293 
264 314 
265 332 
267 340 
271 354 
277 365 
288 377 
298 382 
309 385 
324 386 
333 386 
345 384 
353 380 
361 376 
367 369 
374 364 
392 351 
402 341 
409 333 
413 323 
414 315 
414 306 
411 303 
409 293 
405 283 
403 279 
398 272 
394 273 
386 267 
379 268 
370 266 
362 263 
353 264 
342 267 
335 266 
325 287 
322 267 
310 274 
304 271 
298 282 
291 272 
285 275 
266 283 
262 267 
264 263 
265 260 
268 258 
