380 164 
380 169 
384 168 
383 165 
383 168 
384 164 
382 167 
383 169 
384 169 
382 166 
380 165 
377 164 
365 161 
364 159 
354 162 
348 167 
332 172 
324 181 
307 204 
300 219 
286 240 
281 255 
266 281 
264 308 
263 336 
261 353 
265 365 
271 382 
276 391 
282 403 
301 420 
314 430 
416 415 
420 415 
422 415 
426 413 
424 411 
425 410 
435 356 
438 352 
438 351 
438 349 
438 348 
436 343 
436 341 
438 326 
434 320 
435 308 
428 303 
419 291 
406 279 
388 275 
372 270 
356 271 
341 276 
322 282 
305 288 
291 294 
276 305 
271 312 
265 317 
264 317 
266 315 
266 317 
267 315 
268 311 
267 314 
269 319 
269 313 
270 314 
268 313 
265 310 
