401 161 
401 159 
401 161 
399 161 
401 157 
399 155 
396 151 
395 147 
386 142 
374 141 
365 141 
355 146 
344 153 
339 163 
331 182 
320 204 
313 228 
308 247 
307 264 
301 283 
302 304 
302 321 
304 327 
310 343 
313 351 
320 360 
331 370 
337 374 
348 380 
358 382 
371 386 
379 388 
386 386 
446 340 
446 337 
447 336 
446 338 
444 338 
448 334 
445 335 
448 329 
448 328 
446 326 
435 263 
433 261 
431 264 
428 263 
428 265 
429 263 
424 260 
416 261 
410 257 
405 257 
402 252 
397 255 
389 251 
383 252 
378 253 
370 256 
355 258 
346 261 
337 269 
329 272 
322 277 
318 282 
316 287 
311 294 
303 302 
299 307 
289 316 
255 373 
