448 146 
449 144 
449 146 
446 141 
444 138 
441 135 
440 138 
429 132 
425 132 
419 129 
407 128 
396 132 
382 138 
375 146 
363 156 
355 169 
349 179 
345 198 
341 210 
339 226 
335 243 
333 266 
331 291 
330 314 
338 324 
340 339 
348 353 
354 361 
358 370 
370 377 
374 381 
386 385 
392 385 
403 388 
415 389 
425 389 
434 387 
436 385 
442 379 
445 378 
450 372 
453 369 
453 365 
459 360 
460 356 
462 351 
465 349 
468 342 
470 338 
470 335 
473 329 
473 319 
474 312 
472 303 
469 287 
466 282 
461 268 
453 262 
448 261 
442 257 
437 256 
425 256 
414 260 
410 260 
401 270 
391 281 
390 282 
381 288 
379 287 
375 283 
365 279 
364 274 
335 284 
331 282 
325 285 
320 283 
322 283 
323 281 
321 280 
322 277 
322 282 
