354 175 
357 175 
357 179 
358 173 
356 174 
358 175 
358 173 
360 172 
358 164 
355 158 
348 147 
341 140 
331 137 
322 132 
310 129 
293 135 
281 148 
261 162 
250 185 
237 225 
232 248 
229 264 
226 278 
229 297 
230 312 
231 331 
235 359 
240 371 
244 384 
254 392 
262 398 
273 404 
281 407 
293 410 
311 415 
324 414 
330 410 
337 403 
349 394 
354 387 
355 383 
370 365 
374 352 
379 340 
381 330 
378 322 
378 313 
376 304 
370 295 
362 286 
352 281 
343 287 
328 286 
312 290 
304 293 
288 300 
288 297 
267 307 
251 311 
239 320 
235 326 
225 335 
220 339 
221 337 
199 353 
