350 250 
348 247 
350 247 
349 247 
350 247 
351 250 
350 249 
351 246 
349 246 
343 247 
338 250 
330 261 
315 276 
303 297 
297 312 
293 325 
294 338 
296 351 
300 363 
306 376 
316 388 
325 395 
331 401 
348 405 
355 403 
361 399 
365 393 
374 386 
377 383 
381 379 
387 371 
393 361 
392 361 
392 353 
391 345 
388 336 
383 332 
378 326 
372 322 
362 321 
355 322 
347 321 
341 330 
334 333 
322 338 
311 344 
306 347 
300 352 
297 356 
295 356 
295 355 
297 354 
295 349 
292 344 
290 338 
289 337 
289 340 
287 345 
