342 138 
333 135 
314 141 
303 149 
291 161 
288 167 
285 166 
285 176 
273 186 
265 212 
257 219 
248 231 
249 244 
244 255 
243 268 
243 285 
241 298 
242 315 
245 324 
248 332 
250 343 
257 353 
260 363 
270 370 
276 377 
283 381 
290 384 
297 384 
307 386 
314 387 
322 382 
327 379 
332 379 
335 375 
338 375 
340 373 
343 372 
347 369 
353 363 
359 356 
361 353 
366 339 
369 332 
372 323 
372 318 
373 307 
375 298 
378 287 
375 278 
374 279 
371 274 
364 271 
357 271 
349 270 
345 267 
336 272 
333 275 
327 278 
322 279 
317 277 
310 275 
302 278 
303 280 
295 278 
295 281 
290 284 
288 282 
285 284 
278 285 
271 285 
269 277 
266 270 
265 267 
251 270 
249 272 
249 270 
247 269 
