398 110 
396 109 
396 107 
393 110 
389 105 
387 100 
356 124 
381 100 
368 101 
365 100 
354 101 
350 105 
330 114 
323 121 
320 129 
311 144 
308 163 
305 183 
298 198 
295 206 
293 221 
291 228 
290 243 
291 261 
289 271 
292 288 
295 301 
297 316 
305 326 
307 334 
315 348 
323 355 
329 363 
336 366 
343 367 
353 370 
366 373 
374 371 
384 368 
388 361 
400 354 
401 352 
410 342 
414 339 
421 329 
424 325 
425 316 
425 308 
422 293 
421 284 
417 268 
410 263 
403 256 
393 251 
385 248 
376 245 
369 244 
358 245 
350 245 
336 248 
325 249 
312 259 
307 266 
297 270 
292 273 
289 282 
288 278 
286 274 
288 274 
288 270 
286 267 
287 264 
286 260 
