356 132 
352 129 
348 129 
344 131 
343 129 
342 131 
339 130 
334 135 
328 139 
311 150 
304 173 
292 198 
280 209 
272 228 
265 252 
264 276 
260 296 
264 309 
266 320 
270 330 
278 341 
280 351 
287 363 
295 371 
305 377 
316 386 
331 392 
344 395 
358 393 
364 391 
375 386 
381 382 
390 376 
388 374 
396 370 
398 364 
407 357 
411 353 
417 346 
420 337 
420 332 
418 324 
415 314 
412 307 
407 300 
402 288 
397 280 
395 270 
385 266 
380 264 
371 260 
365 254 
355 255 
353 253 
330 258 
314 260 
304 265 
294 267 
285 268 
271 278 
262 279 
259 286 
252 291 
