408 152 
407 149 
403 149 
401 148 
394 148 
391 147 
384 148 
382 148 
372 153 
367 155 
357 167 
353 184 
336 204 
331 217 
328 231 
324 246 
317 266 
317 281 
315 296 
317 318 
316 330 
314 344 
315 355 
319 363 
324 370 
332 377 
339 382 
346 384 
351 391 
364 394 
372 396 
379 397 
385 397 
393 396 
398 393 
405 386 
408 384 
411 381 
413 379 
420 374 
423 372 
432 364 
437 358 
440 351 
444 345 
449 333 
449 334 
449 324 
448 312 
445 298 
447 296 
445 294 
441 289 
438 289 
430 281 
421 278 
408 279 
402 282 
396 282 
381 288 
373 291 
362 298 
359 296 
341 300 
332 303 
326 311 
326 309 
316 314 
316 315 
316 310 
317 310 
318 309 
318 306 
319 309 
