346 132 
344 133 
339 134 
335 135 
333 134 
326 139 
322 141 
308 158 
295 176 
285 196 
275 213 
267 227 
263 241 
258 258 
256 277 
251 293 
250 308 
246 324 
253 333 
251 341 
259 347 
264 355 
271 364 
274 371 
279 375 
289 378 
293 382 
304 384 
312 382 
320 379 
321 374 
324 372 
331 368 
332 367 
338 364 
342 359 
350 357 
351 357 
357 349 
360 347 
367 338 
368 333 
373 326 
375 321 
377 307 
379 294 
383 287 
384 275 
386 263 
382 258 
378 253 
372 248 
365 246 
360 247 
349 246 
345 246 
331 245 
329 243 
316 245 
312 245 
298 250 
291 255 
277 259 
261 264 
254 273 
252 270 
254 271 
242 286 
239 295 
