409 139 
408 135 
405 138 
407 135 
407 132 
406 134 
407 132 
400 135 
385 132 
371 132 
358 135 
341 139 
318 150 
301 164 
281 192 
272 223 
264 238 
260 259 
255 283 
254 306 
255 331 
258 350 
265 364 
273 377 
281 387 
295 398 
301 406 
311 409 
323 413 
330 414 
346 415 
353 413 
369 404 
373 401 
390 387 
409 339 
407 342 
409 337 
407 334 
410 333 
410 329 
411 324 
410 312 
410 299 
411 290 
409 285 
410 282 
405 265 
399 261 
391 256 
379 260 
368 254 
354 255 
342 256 
319 261 
301 273 
281 284 
268 295 
258 308 
255 316 
240 326 
209 361 
216 414 
