443 114 
443 112 
440 116 
438 112 
435 108 
429 108 
420 105 
408 103 
397 104 
380 114 
365 127 
354 145 
341 168 
335 195 
326 217 
317 238 
312 267 
310 297 
316 321 
321 332 
327 344 
336 352 
348 362 
356 369 
367 378 
377 380 
389 382 
402 382 
417 375 
435 367 
456 359 
461 348 
464 339 
468 331 
471 318 
468 312 
466 303 
464 294 
456 286 
447 277 
438 266 
427 266 
417 264 
411 256 
404 256 
397 252 
391 252 
387 252 
381 254 
376 254 
374 251 
371 252 
367 256 
359 257 
351 265 
346 275 
343 276 
336 280 
335 274 
330 272 
325 271 
321 267 
314 271 
309 269 
309 266 
306 267 
303 268 
304 267 
