387 132 
387 133 
386 130 
380 136 
371 131 
363 129 
360 128 
347 129 
334 126 
324 135 
321 140 
304 156 
292 168 
278 191 
267 215 
261 231 
261 241 
258 254 
256 259 
255 278 
256 299 
258 321 
261 335 
266 346 
270 355 
277 365 
284 376 
290 378 
298 382 
305 384 
315 384 
324 383 
333 379 
338 376 
343 375 
387 309 
384 311 
389 297 
388 298 
390 293 
390 289 
393 274 
392 260 
391 254 
387 246 
379 239 
372 232 
366 234 
355 229 
345 230 
331 234 
324 238 
315 241 
305 244 
295 249 
286 256 
277 258 
280 256 
269 257 
264 257 
255 256 
245 259 
240 262 
240 261 
240 258 
231 270 
