347 240 
346 238 
346 235 
346 236 
344 235 
339 229 
333 228 
327 225 
313 228 
302 232 
290 239 
277 248 
260 266 
247 297 
236 317 
232 323 
228 332 
226 346 
221 359 
219 377 
222 391 
226 399 
231 409 
240 416 
248 423 
260 428 
265 428 
331 403 
332 402 
331 403 
334 403 
334 404 
334 399 
339 392 
340 385 
343 374 
344 371 
341 361 
339 352 
339 348 
330 341 
327 327 
324 323 
316 318 
311 328 
305 314 
300 314 
292 327 
281 320 
276 332 
268 337 
261 335 
252 334 
251 337 
242 339 
231 340 
