359 147 
358 144 
354 143 
350 138 
343 135 
340 131 
332 132 
327 130 
315 139 
309 149 
295 160 
286 170 
276 192 
268 205 
259 230 
261 244 
259 256 
254 269 
255 292 
254 309 
257 335 
260 345 
266 359 
272 366 
278 372 
287 379 
293 382 
298 386 
303 386 
310 389 
315 391 
315 388 
322 388 
326 387 
332 387 
334 383 
338 381 
342 378 
346 376 
355 371 
362 367 
369 358 
374 356 
375 346 
380 342 
382 329 
383 319 
388 304 
385 300 
382 292 
375 278 
366 274 
357 271 
346 274 
339 273 
331 275 
321 277 
314 279 
294 284 
285 291 
267 302 
269 309 
258 313 
253 316 
256 310 
253 306 
252 304 
250 295 
