389 156 
390 158 
386 157 
381 152 
377 151 
369 149 
361 147 
353 153 
341 154 
331 166 
316 187 
307 212 
293 233 
286 252 
280 269 
278 291 
277 323 
278 349 
282 365 
286 379 
297 397 
306 407 
317 415 
334 419 
345 417 
349 413 
362 406 
371 402 
383 395 
388 388 
393 379 
398 372 
400 365 
400 357 
400 351 
397 345 
388 337 
379 328 
367 324 
353 323 
343 329 
333 328 
326 331 
317 334 
309 338 
298 341 
297 339 
297 335 
294 336 
286 339 
284 332 
286 336 
282 339 
283 336 
284 334 
285 334 
285 329 
284 332 
294 366 
