439 211 
437 206 
435 206 
433 204 
430 203 
426 201 
421 203 
413 207 
407 201 
399 199 
387 201 
371 211 
359 205 
348 200 
338 200 
332 196 
375 185 
389 158 
379 196 
375 191 
369 194 
367 195 
344 231 
347 248 
348 271 
356 272 
353 284 
362 286 
363 293 
365 298 
367 303 
366 302 
366 306 
372 303 
373 299 
379 295 
379 301 
393 298 
399 308 
428 293 
447 286 
460 258 
470 258 
478 261 
485 270 
493 268 
500 266 
500 280 
497 294 
492 297 
485 303 
487 242 
469 345 
466 351 
452 364 
419 375 
401 378 
394 381 
372 378 
362 379 
364 380 
366 376 
369 374 
365 375 
360 375 
355 376 
349 378 
341 380 
338 380 
343 379 
347 366 
213 379 
