395 125 
394 125 
397 119 
395 119 
394 123 
392 122 
392 119 
387 123 
375 124 
357 129 
338 131 
321 125 
304 127 
292 129 
285 130 
272 127 
274 128 
268 131 
266 128 
265 130 
262 130 
266 144 
262 165 
261 191 
260 198 
258 203 
259 206 
260 213 
258 223 
257 231 
256 244 
254 252 
255 258 
257 257 
258 250 
260 249 
265 242 
275 236 
287 234 
297 231 
314 230 
334 228 
350 231 
367 239 
379 250 
385 262 
393 276 
394 289 
396 306 
397 320 
391 336 
385 346 
380 354 
367 364 
355 376 
332 384 
312 390 
290 392 
270 390 
256 384 
241 380 
238 375 
233 372 
228 357 
229 354 
229 344 
228 339 
225 327 
222 326 
208 351 
