329 139 
326 143 
324 142 
335 95 
314 141 
311 145 
323 82 
320 82 
316 76 
311 76 
306 75 
304 73 
300 71 
296 73 
210 244 
197 244 
187 242 
178 238 
166 237 
158 230 
145 223 
130 224 
130 228 
137 233 
138 249 
157 256 
166 263 
172 272 
171 287 
172 302 
175 318 
179 327 
187 321 
192 316 
196 313 
207 310 
222 305 
243 296 
259 294 
275 287 
284 292 
294 292 
300 294 
310 301 
318 307 
273 397 
270 400 
271 397 
269 397 
272 398 
274 399 
271 401 
262 403 
257 403 
244 403 
233 406 
227 407 
