388 114 
373 115 
358 117 
348 115 
331 115 
321 119 
308 120 
304 122 
288 116 
278 116 
274 113 
275 114 
272 112 
276 120 
276 143 
283 191 
287 205 
283 219 
286 232 
281 249 
279 258 
279 254 
281 251 
282 244 
285 238 
286 243 
292 242 
295 238 
299 239 
309 240 
323 238 
338 235 
345 233 
362 237 
373 237 
382 242 
396 250 
407 258 
415 274 
424 288 
424 301 
422 321 
425 330 
421 343 
417 353 
411 362 
403 370 
401 375 
399 379 
391 387 
388 389 
377 398 
364 404 
350 407 
339 412 
323 415 
308 412 
292 410 
283 407 
277 405 
264 399 
257 391 
250 380 
247 375 
244 365 
243 365 
240 355 
236 352 
232 344 
