399 131 
397 133 
398 134 
389 136 
385 133 
368 135 
365 134 
341 135 
330 136 
320 136 
310 139 
299 141 
289 136 
273 141 
264 143 
253 141 
256 148 
246 145 
251 148 
256 154 
259 191 
261 199 
260 197 
261 207 
260 214 
260 220 
258 226 
256 233 
257 247 
254 248 
257 251 
256 257 
256 267 
257 263 
255 252 
258 244 
270 235 
278 232 
287 234 
296 232 
305 233 
315 231 
329 226 
345 225 
359 228 
377 225 
393 224 
410 229 
425 241 
429 257 
436 271 
437 290 
437 300 
432 319 
428 331 
423 342 
417 354 
412 363 
402 368 
394 374 
383 379 
367 385 
346 388 
330 388 
316 391 
300 390 
288 390 
277 384 
276 378 
269 374 
269 367 
264 352 
258 337 
252 331 
251 327 
251 325 
250 323 
