440 156 
439 158 
438 160 
437 164 
437 161 
436 154 
435 155 
433 169 
430 163 
426 171 
417 177 
408 177 
398 177 
387 180 
378 185 
370 183 
361 184 
353 177 
347 174 
344 171 
337 171 
334 170 
380 157 
378 160 
368 199 
369 209 
368 223 
370 234 
366 248 
358 262 
352 279 
352 290 
353 297 
353 304 
353 309 
356 306 
358 302 
359 299 
366 297 
377 294 
391 292 
405 290 
417 290 
429 290 
439 294 
451 295 
459 298 
471 309 
484 327 
497 348 
500 371 
500 382 
500 396 
485 404 
469 414 
455 415 
437 416 
422 414 
413 413 
401 412 
394 412 
387 412 
381 412 
373 412 
366 411 
359 409 
351 409 
348 407 
346 407 
347 407 
352 404 
348 398 
303 389 
