392 199 
391 198 
390 200 
392 202 
394 201 
393 200 
391 200 
390 201 
389 200 
386 197 
383 195 
379 192 
374 196 
368 196 
361 195 
353 197 
344 193 
329 201 
316 201 
302 202 
295 193 
289 190 
283 189 
282 186 
280 187 
282 188 
284 197 
288 205 
292 210 
318 194 
323 196 
327 201 
327 209 
329 215 
328 226 
328 237 
325 249 
302 303 
297 316 
298 318 
296 320 
295 316 
297 318 
300 318 
305 317 
304 318 
302 316 
304 316 
312 314 
321 311 
332 310 
341 309 
354 307 
364 305 
375 305 
384 306 
392 308 
398 312 
403 314 
404 317 
407 321 
408 324 
417 327 
420 330 
422 334 
420 336 
419 342 
418 346 
412 353 
409 362 
402 373 
390 383 
385 393 
377 399 
368 404 
357 406 
341 410 
324 414 
313 414 
300 413 
292 409 
283 407 
280 405 
275 404 
275 401 
272 400 
272 396 
273 391 
278 386 
278 383 
279 349 
