449 212 
439 209 
425 213 
413 213 
396 214 
377 220 
363 215 
348 213 
342 203 
333 204 
332 197 
331 195 
336 197 
338 208 
349 213 
353 226 
359 232 
356 242 
354 251 
357 252 
358 258 
357 262 
354 269 
351 276 
355 271 
355 275 
354 280 
351 286 
354 279 
354 281 
360 282 
371 279 
382 283 
396 279 
406 280 
416 286 
427 291 
439 296 
449 311 
454 327 
457 334 
453 347 
377 408 
375 406 
365 408 
357 410 
352 409 
348 410 
345 410 
336 411 
333 408 
322 406 
314 401 
302 399 
297 397 
301 396 
302 394 
295 392 
299 389 
296 392 
303 394 
