385 182 
383 183 
385 179 
389 176 
389 177 
394 170 
394 172 
393 178 
395 179 
393 183 
390 189 
385 188 
377 190 
374 178 
363 176 
351 179 
335 186 
321 186 
309 184 
297 184 
285 185 
273 187 
272 182 
270 184 
269 193 
277 196 
283 201 
288 204 
287 210 
290 212 
288 219 
301 214 
308 212 
304 219 
310 221 
318 221 
329 220 
335 224 
338 227 
336 230 
334 235 
334 238 
330 246 
322 254 
314 266 
312 273 
307 280 
290 321 
288 325 
304 290 
305 290 
309 287 
312 286 
316 285 
324 285 
332 283 
323 326 
353 276 
359 279 
364 287 
372 288 
379 292 
390 290 
398 291 
403 290 
412 295 
419 294 
426 300 
431 299 
471 159 
436 292 
429 308 
425 324 
420 339 
414 349 
402 360 
391 368 
371 375 
359 384 
349 391 
337 400 
327 405 
316 409 
310 412 
304 417 
302 418 
299 417 
294 417 
283 418 
275 418 
260 418 
251 417 
236 414 
227 386 
199 315 
