448 131 
447 130 
446 131 
445 133 
445 130 
445 128 
445 132 
446 128 
446 129 
444 130 
439 133 
418 174 
422 160 
388 183 
380 177 
366 185 
361 178 
387 185 
379 186 
358 223 
361 216 
358 223 
353 222 
364 230 
376 244 
381 253 
395 257 
392 268 
395 267 
394 268 
399 270 
397 262 
397 257 
402 255 
409 251 
420 255 
431 253 
447 251 
465 255 
478 266 
490 275 
499 290 
492 352 
490 366 
478 382 
464 398 
448 405 
430 406 
434 384 
399 402 
383 401 
364 402 
351 403 
362 391 
349 390 
333 387 
321 385 
308 383 
311 378 
322 373 
327 368 
249 383 
