434 196 
436 194 
447 172 
447 176 
447 171 
444 172 
441 173 
437 172 
431 171 
427 171 
420 172 
410 176 
384 202 
371 198 
362 197 
351 199 
347 194 
355 180 
330 193 
319 193 
307 191 
316 202 
313 199 
304 235 
312 243 
312 264 
315 282 
319 298 
326 309 
329 317 
331 321 
336 321 
338 319 
339 318 
347 313 
355 313 
370 311 
382 307 
392 312 
404 314 
411 316 
418 320 
424 330 
426 336 
433 352 
432 365 
422 394 
412 404 
398 411 
385 414 
437 260 
434 265 
430 274 
426 283 
358 361 
347 354 
339 354 
312 361 
287 360 
286 353 
287 347 
283 345 
285 343 
280 341 
264 326 
