411 114 
412 112 
412 111 
419 108 
420 110 
422 109 
421 113 
421 111 
422 111 
420 111 
412 117 
406 115 
399 117 
387 123 
379 123 
356 154 
350 152 
357 131 
337 144 
337 134 
327 141 
311 212 
300 213 
293 226 
285 229 
287 228 
291 234 
292 246 
292 260 
287 281 
284 298 
281 310 
275 316 
274 317 
282 309 
289 302 
303 298 
320 287 
332 283 
343 282 
356 282 
366 289 
376 298 
390 305 
399 318 
408 327 
415 338 
420 349 
419 359 
415 372 
403 384 
388 392 
376 397 
366 403 
356 404 
346 407 
336 409 
323 412 
306 415 
292 417 
278 421 
269 419 
261 420 
250 417 
244 415 
232 415 
233 412 
234 412 
245 408 
222 397 
