460 191 
459 196 
458 198 
459 195 
459 187 
459 193 
460 188 
459 189 
459 187 
459 179 
456 190 
450 192 
441 195 
429 196 
418 202 
409 204 
398 202 
386 195 
373 202 
399 198 
408 187 
404 179 
394 177 
384 175 
375 173 
373 167 
372 161 
370 163 
370 162 
365 161 
362 161 
359 164 
355 172 
354 182 
347 200 
348 214 
348 225 
420 86 
417 91 
413 98 
410 102 
321 324 
323 327 
333 305 
328 318 
322 327 
375 219 
373 222 
371 225 
289 386 
297 383 
313 372 
342 331 
359 326 
371 326 
381 324 
391 320 
399 317 
407 313 
414 309 
420 310 
426 312 
433 321 
439 361 
447 373 
451 387 
452 394 
441 408 
433 409 
415 404 
399 403 
382 402 
371 404 
363 401 
357 405 
356 403 
354 403 
351 403 
349 402 
350 402 
351 403 
352 399 
274 423 
