471 177 
472 180 
471 178 
472 183 
471 175 
472 178 
470 175 
469 171 
469 176 
467 177 
462 181 
453 194 
441 200 
431 196 
415 212 
401 213 
387 217 
376 216 
364 217 
354 213 
340 210 
328 204 
321 197 
311 194 
306 192 
303 198 
306 206 
316 211 
320 217 
324 218 
324 226 
328 232 
329 241 
344 240 
354 237 
360 241 
358 257 
364 264 
357 278 
357 284 
349 296 
349 302 
346 312 
347 316 
345 315 
346 315 
351 312 
357 311 
365 310 
372 310 
383 309 
394 307 
403 306 
414 308 
423 311 
430 316 
440 317 
445 327 
449 340 
452 349 
453 363 
452 378 
446 394 
440 403 
432 410 
424 416 
305 425 
300 425 
294 425 
295 425 
288 424 
284 420 
281 416 
274 415 
267 414 
271 408 
263 405 
265 402 
264 400 
266 399 
