403 148 
398 149 
396 150 
392 150 
383 149 
381 150 
371 152 
363 150 
351 152 
337 159 
331 162 
310 172 
303 170 
290 174 
284 175 
280 176 
280 175 
278 173 
280 176 
280 179 
281 183 
284 191 
282 200 
282 211 
280 224 
281 230 
280 239 
281 248 
277 253 
276 265 
277 273 
271 286 
271 290 
276 287 
272 281 
280 276 
286 272 
292 270 
292 266 
295 267 
299 265 
307 262 
314 259 
327 256 
333 253 
343 253 
354 254 
358 258 
370 258 
380 260 
388 262 
395 265 
405 274 
415 280 
421 285 
424 299 
428 308 
432 311 
429 322 
432 329 
428 337 
426 346 
426 357 
421 361 
414 369 
409 373 
404 376 
399 382 
393 385 
386 391 
381 394 
374 396 
365 398 
352 401 
343 401 
327 403 
317 404 
303 403 
298 403 
288 401 
278 398 
273 395 
267 392 
267 391 
263 382 
262 372 
261 361 
262 357 
258 352 
