426 150 
426 141 
426 151 
425 147 
423 148 
422 141 
418 147 
415 152 
412 152 
407 140 
399 143 
390 138 
382 146 
372 145 
358 168 
387 153 
393 175 
387 172 
355 169 
332 164 
325 163 
324 160 
325 160 
327 160 
325 165 
320 171 
318 169 
319 173 
323 181 
325 193 
320 245 
318 260 
314 271 
307 286 
303 291 
301 293 
302 292 
303 289 
310 290 
317 286 
336 285 
357 284 
371 285 
388 281 
398 280 
404 282 
418 282 
430 284 
442 300 
445 314 
445 339 
440 358 
429 372 
407 387 
385 398 
368 401 
351 399 
340 395 
331 391 
324 388 
315 385 
314 383 
308 381 
302 379 
299 377 
300 376 
303 376 
307 373 
287 366 
247 380 
215 406 
