386 167 
382 168 
378 167 
367 187 
366 174 
348 203 
340 204 
331 210 
326 209 
316 211 
309 208 
303 202 
299 195 
283 203 
277 199 
273 195 
270 196 
271 198 
277 203 
285 214 
302 214 
318 214 
324 216 
318 230 
319 239 
323 249 
332 258 
339 263 
340 275 
338 284 
335 298 
337 301 
340 301 
339 298 
335 296 
337 292 
345 287 
357 280 
365 281 
376 276 
384 277 
398 275 
408 276 
416 279 
428 279 
436 291 
439 305 
441 321 
443 334 
446 345 
449 356 
451 363 
452 373 
448 382 
443 392 
435 400 
419 407 
300 426 
299 427 
296 427 
296 425 
286 427 
292 427 
298 427 
305 426 
293 429 
302 427 
291 430 
292 422 
