376 208 
370 209 
363 209 
360 204 
351 205 
343 209 
331 212 
322 209 
343 221 
318 256 
316 250 
301 266 
296 265 
290 262 
282 261 
280 259 
275 263 
275 266 
273 272 
281 277 
287 285 
288 297 
291 306 
294 317 
300 327 
303 337 
307 346 
314 351 
316 344 
318 342 
322 339 
329 339 
336 339 
348 338 
358 337 
371 335 
384 334 
395 331 
407 331 
415 333 
424 335 
430 339 
434 345 
438 353 
437 360 
435 372 
438 383 
432 388 
427 394 
418 399 
405 402 
389 408 
368 411 
351 416 
333 420 
322 422 
311 424 
301 423 
295 421 
281 419 
274 416 
264 416 
256 414 
252 411 
254 408 
258 405 
264 397 
196 383 
