459 151 
457 154 
458 149 
455 149 
453 147 
451 149 
449 148 
447 149 
446 148 
444 145 
447 137 
441 144 
437 149 
436 151 
433 151 
434 147 
428 150 
421 148 
413 143 
410 141 
407 144 
408 134 
411 130 
410 129 
383 133 
383 127 
359 129 
354 130 
339 129 
336 126 
335 123 
336 123 
335 121 
304 132 
305 121 
299 121 
306 114 
302 139 
304 146 
299 160 
297 173 
284 198 
283 215 
282 224 
277 237 
276 243 
274 247 
275 252 
274 259 
273 267 
275 268 
278 267 
282 258 
284 254 
292 249 
403 258 
404 257 
406 257 
409 258 
408 258 
408 260 
410 259 
410 260 
410 264 
412 267 
411 273 
415 277 
415 285 
416 294 
420 298 
421 302 
421 309 
