446 108 
444 105 
444 108 
442 110 
440 107 
441 106 
435 108 
433 113 
431 111 
428 112 
423 115 
409 120 
394 132 
384 135 
367 138 
349 139 
339 136 
320 137 
286 184 
273 184 
279 212 
282 212 
287 218 
289 237 
284 266 
273 303 
271 323 
271 334 
274 340 
271 348 
275 341 
286 333 
298 332 
315 329 
337 309 
347 307 
357 306 
365 310 
378 314 
389 314 
402 310 
413 308 
420 322 
427 334 
432 349 
433 362 
432 379 
435 393 
434 407 
433 422 
429 434 
419 444 
400 447 
385 408 
358 409 
331 377 
315 377 
305 375 
294 374 
284 373 
271 376 
267 377 
278 370 
