395 204 
395 201 
394 201 
395 198 
394 196 
392 197 
388 201 
382 206 
377 203 
372 200 
363 201 
353 199 
336 208 
321 208 
306 210 
299 203 
289 205 
283 201 
289 207 
286 207 
336 192 
342 195 
347 201 
351 208 
357 210 
356 219 
360 225 
358 236 
353 252 
329 301 
323 314 
319 323 
316 330 
316 333 
320 333 
322 332 
328 326 
336 321 
352 313 
367 312 
378 311 
386 316 
401 316 
414 317 
425 322 
434 330 
443 340 
441 348 
436 355 
431 362 
423 367 
408 376 
395 383 
379 390 
362 398 
340 408 
323 413 
308 413 
292 412 
277 408 
267 401 
282 378 
266 375 
275 359 
274 352 
279 342 
262 330 
242 316 
178 318 
