469 173 
468 168 
465 170 
462 171 
460 171 
456 172 
453 169 
449 170 
444 169 
434 174 
422 179 
406 181 
394 177 
381 174 
371 172 
362 171 
348 177 
359 175 
359 173 
423 148 
425 150 
430 154 
434 157 
439 160 
437 167 
438 174 
437 181 
437 190 
433 200 
416 242 
430 228 
411 271 
411 279 
415 284 
414 292 
521 78 
520 77 
410 292 
438 242 
443 241 
453 237 
464 234 
475 228 
485 230 
496 228 
510 233 
522 238 
529 249 
537 253 
574 87 
577 100 
532 357 
529 366 
526 375 
562 195 
482 323 
468 330 
438 333 
422 340 
412 338 
403 338 
395 339 
385 339 
369 342 
350 343 
346 336 
344 332 
334 332 
344 316 
262 294 
