440 215 
439 219 
439 217 
432 218 
425 221 
418 223 
409 224 
403 223 
393 224 
387 221 
379 221 
373 219 
367 216 
358 216 
345 215 
334 211 
330 204 
322 209 
321 211 
323 217 
326 222 
326 234 
346 224 
351 229 
352 234 
353 240 
358 244 
359 252 
357 266 
353 280 
349 293 
344 304 
344 310 
340 322 
342 325 
345 325 
349 320 
351 317 
357 311 
360 307 
366 307 
373 304 
378 303 
388 300 
396 300 
405 300 
414 297 
423 297 
430 298 
434 303 
439 309 
442 317 
447 325 
449 331 
450 339 
452 349 
449 363 
444 377 
440 393 
431 408 
418 417 
409 425 
400 433 
391 438 
381 439 
368 442 
355 445 
