391 151 
385 150 
379 151 
374 152 
370 152 
369 151 
370 148 
369 148 
368 148 
365 146 
360 139 
347 146 
383 130 
379 116 
381 124 
373 127 
373 120 
362 139 
363 143 
363 142 
365 143 
363 144 
364 146 
363 151 
359 162 
361 170 
372 172 
377 184 
423 54 
422 57 
419 62 
416 64 
415 67 
414 74 
413 74 
414 69 
416 68 
422 69 
400 230 
417 238 
434 249 
453 91 
465 293 
485 301 
506 198 
517 228 
518 266 
505 299 
449 356 
423 367 
380 363 
357 363 
342 365 
336 364 
333 367 
339 367 
340 370 
346 370 
347 368 
348 360 
305 357 
247 370 
197 392 
