378 141 
376 146 
377 141 
376 146 
375 143 
374 148 
369 150 
361 148 
343 149 
326 142 
307 142 
296 142 
276 139 
269 136 
263 135 
268 137 
266 142 
265 149 
272 178 
273 188 
271 205 
268 218 
264 232 
260 245 
260 253 
259 245 
263 239 
270 229 
280 226 
302 225 
314 227 
336 235 
346 246 
362 258 
380 285 
387 307 
390 330 
381 358 
375 376 
360 396 
346 406 
331 414 
314 420 
296 419 
282 415 
270 406 
260 392 
252 387 
248 377 
245 366 
245 359 
246 357 
243 355 
242 359 
240 356 
236 355 
