425 103 
423 106 
423 108 
423 107 
420 126 
420 121 
421 120 
420 127 
422 108 
418 120 
412 126 
403 129 
395 131 
385 129 
379 133 
364 132 
353 136 
342 134 
334 129 
333 131 
331 130 
331 128 
331 127 
330 127 
331 128 
328 135 
330 142 
330 151 
327 166 
323 180 
324 189 
319 200 
312 217 
303 234 
302 242 
301 249 
301 256 
305 259 
305 257 
313 248 
319 241 
332 233 
340 229 
351 219 
355 228 
360 229 
365 225 
375 224 
385 234 
399 229 
417 233 
427 239 
439 258 
450 266 
451 293 
456 313 
449 337 
301 383 
300 382 
300 385 
300 386 
299 389 
303 386 
302 385 
302 381 
296 380 
