399 162 
399 163 
395 164 
383 166 
375 171 
365 175 
347 176 
330 185 
314 191 
300 195 
285 199 
276 201 
270 201 
268 197 
270 196 
272 201 
271 203 
270 221 
270 244 
268 275 
266 291 
265 302 
265 312 
267 319 
266 322 
263 316 
268 310 
267 301 
277 297 
296 291 
310 287 
327 286 
344 290 
358 294 
373 301 
390 311 
402 322 
410 340 
416 356 
414 377 
411 395 
408 410 
405 418 
395 424 
392 426 
382 432 
378 433 
361 440 
344 443 
340 443 
333 442 
322 443 
309 444 
306 441 
291 442 
288 440 
285 439 
278 432 
270 427 
263 419 
265 417 
262 412 
258 405 
