395 209 
392 211 
390 215 
390 210 
388 209 
384 212 
382 212 
378 211 
372 208 
367 204 
359 201 
349 196 
336 198 
329 191 
316 188 
305 187 
294 185 
286 181 
343 165 
342 162 
440 67 
438 70 
440 67 
443 70 
449 68 
456 69 
461 72 
458 86 
450 91 
442 89 
293 304 
409 103 
327 256 
318 274 
301 291 
267 320 
240 343 
288 273 
229 358 
235 360 
239 361 
241 363 
248 363 
255 361 
264 355 
271 352 
282 352 
297 350 
308 349 
317 351 
322 355 
338 363 
350 377 
363 392 
375 412 
374 426 
362 444 
