372 146 
369 146 
366 143 
365 140 
361 140 
356 143 
351 143 
342 147 
340 143 
333 145 
324 144 
317 141 
311 141 
311 137 
310 134 
296 136 
297 130 
290 131 
278 133 
270 132 
265 133 
250 147 
245 158 
212 214 
216 222 
217 230 
217 240 
218 249 
214 261 
217 267 
219 273 
219 277 
222 275 
218 275 
218 273 
222 272 
228 273 
237 272 
241 270 
242 274 
246 276 
251 277 
256 278 
264 276 
273 273 
276 274 
279 279 
286 279 
292 279 
295 285 
303 292 
315 293 
324 296 
333 299 
341 296 
347 298 
352 301 
356 305 
358 311 
360 314 
361 317 
362 322 
361 329 
360 334 
358 337 
355 342 
351 340 
343 345 
334 348 
328 352 
321 356 
319 360 
317 362 
311 373 
306 377 
301 383 
294 389 
285 391 
275 396 
265 396 
251 401 
237 400 
222 400 
201 401 
183 400 
175 394 
172 388 
170 381 
172 376 
173 373 
174 371 
172 371 
174 369 
269 305 
206 395 
