402 121 
402 111 
398 123 
388 121 
374 121 
368 123 
359 120 
344 117 
325 117 
311 119 
298 120 
287 117 
279 121 
260 118 
260 119 
257 117 
261 122 
262 126 
260 144 
265 169 
263 194 
264 201 
260 209 
264 222 
264 232 
262 239 
265 243 
264 237 
268 233 
274 228 
285 222 
295 221 
316 219 
335 218 
353 221 
377 232 
393 242 
411 264 
413 285 
418 308 
417 330 
415 348 
407 356 
393 369 
383 381 
364 388 
340 395 
322 397 
295 398 
281 395 
270 387 
262 380 
259 372 
258 361 
256 349 
257 350 
256 347 
243 352 
241 358 
239 357 
