424 136 
424 129 
423 130 
423 131 
422 132 
421 132 
421 130 
420 123 
418 124 
414 125 
407 128 
402 125 
396 126 
392 126 
389 122 
386 118 
382 123 
382 121 
379 117 
375 103 
358 101 
351 97 
339 96 
330 101 
304 207 
315 224 
308 225 
298 224 
296 225 
295 227 
299 228 
302 231 
305 237 
308 240 
309 244 
310 246 
312 249 
320 245 
332 237 
351 220 
364 219 
375 223 
386 222 
396 210 
403 231 
410 208 
419 210 
426 218 
434 233 
438 229 
444 236 
449 241 
448 124 
450 138 
453 153 
443 336 
434 347 
420 351 
400 358 
390 352 
376 365 
366 375 
357 366 
350 363 
347 370 
342 375 
334 380 
325 382 
318 382 
312 382 
308 382 
304 383 
300 383 
298 384 
297 383 
294 383 
289 380 
284 375 
276 374 
272 372 
272 370 
275 358 
200 329 
