400 128 
397 128 
398 127 
390 130 
383 134 
375 135 
363 133 
344 130 
328 129 
310 132 
294 130 
281 133 
272 129 
270 128 
269 130 
270 130 
271 134 
272 142 
279 177 
281 192 
279 205 
280 214 
277 227 
276 236 
276 241 
277 237 
276 235 
278 229 
283 226 
286 223 
292 223 
302 218 
313 218 
327 220 
346 217 
362 217 
382 221 
400 231 
416 244 
423 263 
430 281 
431 296 
427 312 
425 326 
425 336 
420 348 
417 357 
408 365 
404 370 
395 378 
391 380 
382 387 
366 394 
349 396 
333 395 
326 392 
319 391 
312 389 
307 388 
297 378 
291 370 
283 364 
287 355 
283 346 
281 343 
279 338 
277 335 
261 341 
263 364 
254 371 
