385 189 
381 186 
379 189 
370 197 
359 194 
347 193 
334 198 
317 196 
297 201 
287 201 
282 201 
271 202 
260 205 
259 207 
259 202 
262 209 
262 212 
259 223 
259 232 
257 250 
255 267 
254 290 
247 299 
246 310 
247 319 
247 320 
245 323 
248 323 
247 320 
250 318 
261 313 
267 311 
280 307 
288 297 
302 292 
320 290 
336 293 
352 292 
371 296 
388 305 
400 319 
408 335 
416 353 
417 376 
412 393 
384 442 
381 444 
380 444 
375 445 
375 446 
270 441 
272 446 
274 448 
279 450 
280 450 
281 451 
281 450 
279 449 
276 449 
274 445 
268 441 
261 436 
252 433 
240 428 
237 428 
235 423 
234 422 
235 425 
234 421 
231 416 
232 417 
231 415 
228 411 
223 394 
