405 176 
398 172 
390 166 
384 160 
377 153 
366 154 
356 151 
349 149 
342 147 
334 148 
327 149 
326 149 
321 150 
323 150 
317 153 
332 148 
341 145 
339 147 
338 154 
346 157 
356 165 
363 177 
365 192 
364 205 
358 219 
347 245 
325 287 
322 294 
319 299 
320 304 
321 304 
322 298 
329 290 
338 286 
348 287 
360 285 
371 288 
384 292 
397 296 
409 300 
419 306 
429 310 
434 323 
444 328 
447 339 
445 348 
421 387 
400 399 
381 406 
363 410 
346 412 
326 412 
309 408 
298 401 
292 391 
284 379 
289 363 
291 349 
287 340 
294 337 
296 338 
241 359 
