423 184 
417 185 
410 184 
403 185 
392 190 
388 185 
407 186 
403 181 
436 166 
437 158 
419 158 
429 150 
393 167 
415 146 
402 153 
395 154 
391 153 
383 152 
375 150 
368 147 
364 146 
354 141 
340 140 
331 135 
314 138 
302 138 
290 140 
279 141 
269 140 
259 142 
253 145 
256 149 
260 155 
265 163 
273 170 
279 176 
283 187 
281 199 
282 210 
284 218 
287 229 
290 237 
290 246 
264 300 
266 303 
263 304 
263 303 
265 298 
266 293 
267 292 
277 290 
374 94 
377 93 
383 91 
384 92 
340 290 
352 293 
370 259 
377 298 
389 303 
400 310 
407 319 
412 328 
413 339 
407 354 
393 368 
369 391 
345 403 
324 414 
304 420 
285 422 
266 424 
245 424 
231 415 
211 410 
200 404 
192 402 
193 401 
153 392 
