463 195 
463 191 
462 194 
460 199 
459 198 
458 195 
455 199 
452 200 
450 198 
445 199 
439 199 
428 201 
417 203 
404 204 
392 205 
376 213 
369 202 
360 196 
345 199 
340 189 
331 190 
334 180 
332 182 
330 191 
339 195 
344 210 
348 219 
348 228 
348 238 
341 252 
338 261 
339 264 
343 265 
341 274 
342 275 
344 274 
344 272 
348 267 
354 264 
360 260 
368 260 
377 260 
389 258 
399 262 
413 265 
424 269 
438 271 
444 280 
447 289 
452 295 
456 293 
457 298 
456 309 
454 316 
460 313 
442 324 
435 330 
427 334 
418 340 
406 346 
401 342 
394 347 
387 347 
379 351 
372 354 
362 356 
357 356 
351 355 
345 356 
345 350 
342 349 
342 344 
341 344 
340 343 
339 342 
339 340 
334 339 
329 340 
329 338 
330 337 
332 336 
334 336 
338 327 
320 304 
