461 145 
460 142 
447 156 
446 157 
459 139 
458 134 
445 151 
456 131 
298 220 
297 214 
293 206 
289 201 
296 183 
297 186 
299 185 
299 178 
294 188 
290 198 
289 214 
288 243 
295 263 
302 278 
303 294 
301 309 
300 322 
297 334 
296 340 
296 341 
299 335 
306 327 
323 316 
342 317 
361 315 
375 311 
385 311 
394 314 
403 316 
411 321 
420 329 
425 335 
426 348 
423 364 
420 374 
415 386 
406 397 
394 402 
376 409 
363 413 
347 414 
333 415 
320 416 
307 410 
299 408 
289 406 
281 406 
280 403 
272 403 
272 400 
271 397 
275 391 
275 388 
