446 203 
443 200 
439 197 
434 195 
428 198 
418 203 
411 198 
402 195 
393 192 
383 189 
369 195 
360 188 
350 184 
342 182 
337 183 
335 182 
337 184 
340 186 
343 195 
346 205 
354 206 
353 215 
354 223 
356 232 
353 243 
353 251 
350 260 
351 263 
349 266 
349 267 
350 267 
348 267 
348 271 
349 272 
350 270 
353 272 
352 273 
350 276 
349 279 
349 281 
350 286 
349 285 
350 283 
352 284 
358 280 
363 273 
367 278 
375 278 
379 284 
386 282 
394 282 
402 283 
411 283 
419 286 
428 284 
433 290 
439 301 
441 296 
441 308 
443 316 
443 323 
440 340 
436 350 
443 346 
435 355 
426 362 
422 365 
411 376 
407 380 
322 395 
308 394 
299 395 
293 395 
292 393 
292 391 
290 394 
291 393 
287 394 
285 390 
286 386 
292 384 
305 385 
251 380 
