454 206 
453 203 
453 192 
451 204 
449 205 
445 209 
439 218 
435 212 
430 212 
423 216 
415 223 
405 221 
392 221 
376 221 
358 226 
350 209 
336 207 
329 198 
321 193 
315 187 
365 164 
359 170 
335 253 
333 268 
343 280 
350 293 
351 300 
351 309 
350 316 
353 322 
351 330 
351 331 
347 335 
349 334 
359 332 
374 331 
394 322 
407 321 
418 320 
433 321 
444 318 
457 322 
464 328 
472 336 
478 348 
483 356 
483 366 
475 399 
468 409 
453 410 
473 256 
467 261 
459 269 
453 273 
449 272 
443 279 
441 273 
437 271 
435 272 
435 268 
432 274 
423 288 
418 302 
360 377 
358 378 
349 383 
341 389 
332 393 
318 400 
309 403 
297 405 
293 407 
291 409 
287 409 
285 408 
281 408 
282 404 
277 395 
