399 120 
402 120 
399 122 
398 122 
397 124 
396 124 
395 121 
394 126 
387 124 
390 123 
387 122 
383 123 
382 123 
371 123 
367 122 
356 121 
355 118 
354 116 
353 117 
347 116 
325 119 
296 122 
273 116 
263 116 
299 228 
289 232 
295 235 
290 236 
295 243 
297 253 
296 256 
296 259 
301 267 
307 272 
308 272 
303 269 
313 263 
313 256 
324 252 
326 249 
335 246 
351 246 
366 255 
379 264 
383 272 
392 286 
392 299 
394 318 
393 337 
391 353 
377 369 
368 373 
359 376 
344 384 
334 388 
326 384 
266 361 
266 365 
265 368 
265 367 
267 369 
267 368 
267 369 
264 364 
