390 120 
391 122 
387 120 
389 122 
386 122 
381 119 
374 123 
361 121 
341 123 
322 120 
306 125 
289 125 
274 129 
259 128 
243 129 
235 130 
231 126 
232 129 
237 138 
239 174 
245 203 
245 204 
246 217 
247 229 
246 248 
245 259 
246 258 
244 257 
247 254 
251 246 
261 242 
286 243 
304 242 
327 245 
355 253 
377 268 
392 294 
400 321 
404 347 
398 370 
393 385 
382 398 
360 417 
336 422 
312 422 
289 418 
269 413 
255 406 
243 401 
238 392 
234 375 
233 373 
237 370 
236 369 
234 366 
233 364 
226 367 
223 363 
