383 175 
381 173 
380 169 
378 172 
380 176 
378 177 
377 179 
375 180 
365 182 
356 184 
340 185 
324 185 
303 186 
287 183 
275 179 
266 177 
255 176 
249 179 
243 172 
242 172 
239 170 
243 199 
245 225 
247 235 
243 254 
242 272 
243 289 
242 290 
243 291 
242 301 
244 302 
249 300 
251 291 
260 284 
271 281 
286 278 
310 277 
324 278 
350 284 
360 297 
379 309 
394 334 
402 346 
402 369 
404 383 
397 399 
384 406 
370 419 
352 423 
321 428 
298 427 
280 428 
270 428 
263 423 
253 415 
246 407 
243 399 
242 396 
242 390 
240 388 
237 384 
237 385 
236 380 
