567 324 
566 325 
569 323 
436 133 
430 136 
423 142 
411 151 
401 160 
390 168 
378 178 
371 183 
363 185 
358 186 
358 185 
337 204 
350 188 
351 191 
349 198 
348 209 
347 229 
349 249 
343 273 
329 301 
316 324 
315 328 
323 320 
344 306 
370 299 
386 302 
394 310 
403 313 
407 319 
411 327 
422 336 
429 348 
435 361 
433 372 
430 385 
425 397 
417 409 
408 418 
401 426 
386 429 
370 431 
359 431 
348 430 
341 428 
338 426 
332 424 
325 422 
316 420 
309 417 
310 412 
309 409 
309 404 
304 401 
302 395 
313 387 
279 383 
