505 208 
519 192 
520 193 
518 192 
519 192 
519 191 
518 191 
517 191 
516 190 
512 191 
512 193 
505 194 
495 201 
487 205 
469 221 
463 234 
455 235 
437 248 
426 251 
427 244 
420 247 
408 253 
408 258 
410 263 
411 269 
417 274 
423 283 
428 290 
432 303 
435 314 
436 318 
432 327 
430 328 
427 324 
427 320 
438 314 
454 308 
464 304 
472 304 
479 300 
503 287 
508 293 
515 295 
519 306 
523 311 
529 322 
504 344 
492 359 
485 365 
475 370 
465 374 
450 381 
442 384 
434 386 
428 387 
426 380 
420 379 
416 378 
418 372 
419 369 
389 362 
