494 98 
491 96 
491 94 
488 99 
487 96 
485 98 
482 100 
483 99 
479 101 
477 100 
474 102 
469 102 
466 103 
465 100 
439 109 
431 100 
393 101 
355 101 
333 93 
292 99 
287 97 
287 95 
295 206 
290 207 
310 219 
310 221 
312 224 
312 231 
313 234 
305 243 
306 251 
307 253 
307 254 
308 254 
311 247 
315 239 
323 235 
337 229 
346 225 
361 216 
360 219 
365 219 
368 206 
377 200 
382 199 
395 199 
403 205 
412 217 
417 224 
422 232 
431 240 
434 252 
439 266 
442 293 
444 309 
440 326 
430 338 
420 354 
412 361 
401 365 
392 369 
389 369 
386 368 
375 370 
368 371 
354 373 
346 372 
329 374 
324 373 
310 375 
304 369 
295 368 
286 365 
281 360 
279 353 
276 349 
274 350 
275 349 
280 345 
280 341 
284 332 
275 342 
