439 156 
437 171 
438 159 
439 168 
435 155 
435 156 
435 160 
437 155 
435 175 
432 175 
425 167 
417 185 
408 188 
396 194 
382 209 
373 213 
365 209 
354 213 
346 212 
335 210 
326 208 
320 183 
311 177 
304 183 
302 185 
301 189 
302 197 
303 212 
299 233 
296 247 
291 265 
281 290 
281 301 
280 310 
285 316 
285 322 
286 327 
294 322 
298 322 
305 319 
316 317 
326 315 
334 316 
342 314 
351 314 
361 312 
371 308 
379 309 
386 309 
399 309 
406 307 
414 311 
416 314 
426 320 
431 325 
436 330 
442 350 
441 364 
434 375 
436 383 
426 389 
422 392 
411 395 
402 397 
397 399 
383 401 
373 405 
367 405 
359 409 
352 408 
345 410 
341 410 
331 411 
325 411 
317 410 
314 410 
309 408 
299 408 
291 408 
286 404 
274 405 
267 405 
266 402 
265 402 
270 398 
272 396 
279 391 
273 376 
