326 116 
328 119 
327 118 
326 115 
322 105 
321 108 
322 108 
322 105 
324 115 
323 114 
324 107 
323 102 
323 104 
326 107 
325 107 
325 105 
319 108 
314 113 
305 143 
295 148 
286 158 
275 157 
263 160 
250 156 
235 144 
220 148 
215 158 
212 159 
214 162 
220 167 
224 190 
222 235 
223 256 
220 274 
219 289 
221 298 
223 297 
228 289 
233 287 
241 276 
253 267 
263 263 
271 264 
284 257 
306 249 
333 242 
363 245 
388 257 
403 272 
403 307 
395 344 
393 365 
385 383 
301 421 
297 423 
295 423 
296 426 
296 427 
295 428 
298 427 
295 422 
