490 149 
493 147 
492 146 
493 148 
495 149 
331 183 
347 165 
377 295 
377 298 
375 305 
375 302 
368 309 
366 311 
365 315 
366 317 
375 313 
388 308 
395 309 
402 309 
411 307 
416 315 
428 309 
437 309 
442 314 
456 216 
464 213 
453 212 
457 216 
469 211 
472 216 
482 207 
481 216 
489 209 
491 223 
494 229 
494 228 
494 238 
487 247 
491 254 
493 263 
510 227 
490 296 
511 254 
508 269 
508 280 
491 337 
483 347 
470 353 
464 359 
453 365 
439 374 
435 376 
425 379 
418 385 
416 383 
413 383 
410 384 
406 388 
401 394 
400 395 
396 395 
389 398 
386 402 
383 401 
379 401 
