427 202 
427 198 
427 194 
424 197 
422 200 
419 201 
416 204 
418 205 
409 224 
406 219 
395 227 
384 231 
375 229 
364 229 
356 222 
341 227 
329 231 
328 223 
340 206 
320 215 
336 194 
332 193 
330 193 
328 192 
328 200 
336 202 
337 209 
339 215 
333 224 
334 230 
337 233 
340 237 
335 250 
333 255 
332 262 
326 270 
324 276 
320 284 
317 288 
310 299 
302 311 
298 321 
296 327 
298 330 
297 334 
294 336 
300 333 
304 334 
313 331 
321 329 
328 332 
337 329 
342 329 
346 327 
355 323 
361 323 
373 318 
377 317 
383 316 
390 316 
396 317 
402 317 
404 318 
409 320 
416 322 
418 329 
419 334 
420 342 
418 348 
414 355 
409 363 
403 367 
401 370 
397 376 
396 380 
396 387 
389 391 
383 396 
380 404 
377 410 
370 412 
363 415 
357 414 
347 415 
342 417 
330 418 
323 419 
319 419 
311 419 
306 419 
301 419 
296 420 
290 420 
286 420 
277 423 
271 424 
268 423 
267 420 
271 419 
