333 180 
330 179 
331 177 
332 176 
331 174 
332 175 
335 173 
332 176 
335 171 
338 168 
339 170 
345 163 
347 164 
353 161 
362 154 
373 155 
382 150 
439 174 
434 173 
435 173 
435 179 
436 177 
435 173 
437 174 
437 175 
441 178 
446 179 
443 190 
446 196 
445 202 
446 205 
445 216 
442 227 
440 227 
437 230 
432 228 
425 235 
422 232 
413 245 
410 242 
399 254 
397 256 
396 256 
387 262 
381 264 
383 266 
381 260 
382 258 
383 256 
391 251 
397 247 
402 245 
406 245 
414 246 
416 255 
423 259 
431 262 
442 264 
452 270 
458 275 
461 280 
461 286 
461 296 
458 309 
455 312 
457 319 
452 329 
451 337 
450 339 
447 346 
444 345 
440 352 
438 352 
434 361 
429 364 
423 370 
417 369 
413 373 
408 375 
403 379 
402 382 
398 385 
389 387 
381 386 
373 388 
366 390 
365 390 
356 390 
346 390 
343 392 
338 391 
328 392 
318 392 
319 393 
312 391 
304 390 
298 378 
298 372 
290 368 
281 368 
279 364 
276 362 
274 357 
274 352 
270 349 
271 346 
267 345 
