337 183 
346 181 
355 178 
355 181 
360 180 
366 187 
375 196 
376 198 
376 199 
375 198 
382 201 
385 201 
392 212 
394 225 
388 234 
383 246 
368 264 
355 285 
343 298 
332 308 
318 317 
305 320 
290 321 
281 317 
280 313 
287 321 
305 308 
327 306 
352 297 
369 301 
381 295 
391 297 
401 309 
409 318 
414 328 
416 336 
413 347 
405 353 
397 362 
385 367 
376 374 
369 379 
361 386 
350 392 
338 401 
329 407 
318 411 
304 414 
294 415 
280 416 
266 416 
248 415 
228 411 
213 405 
203 393 
194 385 
187 378 
182 372 
203 352 
185 351 
257 344 
254 376 
