214 145 
216 148 
214 146 
214 147 
218 152 
216 151 
217 153 
217 152 
219 153 
218 151 
224 154 
223 150 
224 148 
228 147 
238 148 
233 127 
245 115 
242 112 
245 119 
252 123 
257 126 
261 126 
263 127 
274 133 
275 135 
278 139 
289 143 
295 143 
302 145 
314 150 
323 150 
324 138 
339 148 
342 145 
351 150 
362 160 
363 167 
364 175 
359 183 
354 193 
349 200 
339 211 
332 219 
325 227 
315 234 
304 250 
290 261 
269 285 
267 295 
269 296 
275 288 
282 283 
289 270 
298 271 
302 263 
307 259 
316 258 
321 262 
328 267 
331 263 
343 272 
351 269 
358 270 
361 274 
371 287 
378 297 
378 304 
352 252 
360 265 
355 406 
353 404 
352 404 
351 404 
354 403 
353 402 
350 402 
353 401 
350 402 
344 404 
209 440 
214 439 
214 441 
214 442 
211 442 
210 442 
211 439 
211 438 
210 437 
209 436 
201 436 
197 440 
196 441 
190 440 
181 437 
176 433 
169 430 
166 426 
166 420 
169 415 
170 409 
168 408 
174 402 
170 402 
