307 209 
308 206 
309 209 
310 209 
311 205 
312 202 
315 195 
318 193 
326 183 
338 174 
346 170 
361 169 
378 170 
396 171 
413 177 
424 190 
433 199 
436 208 
433 221 
429 231 
419 239 
405 250 
392 264 
378 278 
364 289 
356 293 
341 302 
341 300 
344 300 
350 292 
356 283 
372 272 
379 273 
393 278 
414 282 
432 290 
457 305 
468 325 
475 338 
477 365 
465 383 
456 389 
445 393 
437 397 
418 405 
407 414 
378 423 
365 426 
340 425 
324 423 
316 417 
305 409 
296 400 
283 391 
274 377 
271 369 
267 367 
