310 169 
307 208 
303 208 
308 204 
307 203 
302 202 
292 165 
294 166 
301 167 
316 188 
340 177 
357 184 
377 197 
397 210 
412 221 
425 238 
423 255 
414 274 
386 293 
358 316 
336 323 
315 326 
300 326 
288 326 
288 324 
293 324 
306 323 
324 322 
340 322 
360 317 
377 318 
388 325 
395 334 
397 351 
392 371 
391 381 
393 396 
385 405 
376 419 
355 415 
337 415 
318 421 
299 421 
289 421 
276 419 
265 416 
255 414 
245 412 
235 406 
226 405 
224 403 
225 397 
228 393 
239 379 
215 356 
182 375 
