324 212 
325 211 
325 210 
326 209 
329 205 
329 203 
333 194 
339 196 
350 184 
351 188 
360 188 
370 182 
373 184 
378 186 
391 185 
403 188 
417 194 
429 197 
443 209 
451 218 
449 235 
445 252 
432 261 
424 267 
412 278 
405 281 
389 290 
371 294 
351 301 
336 305 
337 302 
339 302 
342 300 
349 297 
361 294 
373 289 
386 297 
399 301 
410 304 
427 314 
438 325 
448 336 
455 344 
453 361 
455 377 
452 389 
445 399 
436 410 
424 413 
418 417 
400 421 
382 424 
363 422 
344 423 
336 426 
322 425 
311 421 
301 418 
291 414 
288 410 
282 403 
283 398 
280 390 
279 385 
277 378 
