302 167 
301 167 
300 166 
300 169 
301 166 
300 169 
299 166 
299 162 
300 158 
301 155 
300 146 
306 142 
311 135 
315 134 
323 130 
328 128 
338 109 
346 125 
356 126 
366 128 
370 129 
375 133 
384 137 
395 138 
400 150 
401 154 
405 164 
410 166 
410 177 
413 183 
413 196 
410 200 
409 208 
404 215 
398 216 
395 225 
389 227 
382 231 
370 237 
365 237 
354 238 
350 237 
340 242 
341 241 
343 242 
347 241 
353 238 
360 240 
371 239 
382 244 
395 246 
406 254 
418 264 
427 280 
434 294 
435 312 
427 325 
428 337 
426 344 
420 354 
414 357 
405 363 
399 368 
388 373 
379 379 
362 385 
349 388 
342 389 
327 387 
314 382 
303 376 
295 369 
294 366 
287 356 
281 352 
278 342 
275 335 
276 335 
273 335 
269 327 
262 318 
259 318 
258 316 
