288 124 
283 112 
284 110 
287 112 
290 113 
296 112 
300 114 
300 110 
302 107 
305 111 
309 104 
317 104 
323 107 
336 112 
349 123 
368 133 
390 182 
400 193 
404 202 
404 215 
404 229 
401 246 
399 252 
396 249 
381 254 
361 254 
350 261 
333 266 
322 269 
322 268 
332 261 
337 266 
364 261 
376 258 
392 253 
402 248 
411 253 
417 246 
419 252 
405 274 
382 353 
370 365 
360 372 
350 365 
349 368 
349 370 
361 372 
357 375 
346 372 
331 367 
323 366 
318 366 
316 368 
315 371 
310 369 
296 369 
286 369 
277 370 
279 366 
278 366 
281 361 
277 357 
274 354 
272 340 
