268 218 
267 220 
269 220 
269 219 
271 221 
269 218 
270 220 
269 214 
273 206 
276 191 
279 179 
284 173 
291 165 
302 162 
304 158 
314 154 
328 150 
335 151 
351 153 
366 163 
378 174 
392 187 
402 203 
408 215 
408 232 
392 244 
380 256 
360 266 
353 271 
340 272 
328 273 
320 272 
320 268 
327 271 
336 271 
350 267 
364 271 
379 277 
393 290 
400 299 
405 315 
406 332 
407 348 
403 362 
390 375 
375 394 
361 400 
341 401 
319 400 
296 401 
278 401 
267 393 
255 388 
251 385 
242 372 
246 366 
242 360 
243 355 
245 353 
233 337 
227 339 
