280 121 
280 125 
280 123 
281 126 
280 123 
279 120 
281 121 
283 124 
286 123 
289 124 
296 126 
305 129 
309 139 
317 134 
329 142 
340 143 
351 152 
366 166 
373 181 
381 191 
378 208 
381 224 
379 235 
373 249 
361 251 
351 252 
343 252 
339 249 
334 253 
331 254 
331 250 
330 254 
331 254 
334 254 
343 253 
351 250 
364 241 
381 234 
395 241 
409 243 
419 249 
427 267 
428 302 
427 315 
423 326 
415 338 
404 347 
403 349 
393 355 
383 359 
369 363 
362 365 
352 367 
349 367 
341 365 
315 368 
267 377 
217 386 
