310 209 
310 208 
313 207 
313 206 
314 203 
318 200 
320 201 
326 193 
330 187 
334 181 
335 178 
347 175 
352 176 
363 177 
371 180 
383 186 
397 191 
410 203 
423 239 
418 239 
423 241 
423 239 
425 242 
431 237 
429 231 
431 235 
428 239 
427 239 
424 248 
416 258 
412 260 
408 268 
403 273 
398 283 
398 286 
393 292 
394 290 
387 300 
384 297 
380 298 
371 310 
367 309 
361 311 
356 310 
356 308 
358 307 
360 306 
366 305 
370 301 
377 294 
388 295 
392 308 
402 318 
408 321 
415 327 
419 330 
421 338 
424 344 
427 350 
425 355 
427 362 
424 368 
424 375 
421 382 
421 386 
416 391 
415 399 
409 401 
403 407 
397 410 
390 414 
374 423 
367 423 
363 425 
351 428 
339 431 
332 429 
322 428 
316 426 
308 424 
301 422 
299 421 
295 420 
290 414 
286 410 
282 412 
280 407 
272 399 
277 395 
273 389 
266 378 
265 369 
263 367 
263 364 
255 352 
253 346 
