257 252 
260 254 
259 255 
260 255 
261 256 
263 257 
259 259 
260 256 
265 258 
263 260 
262 255 
264 262 
263 261 
266 262 
271 259 
280 263 
286 271 
293 277 
299 278 
305 276 
324 277 
334 278 
347 274 
365 277 
372 283 
376 291 
350 369 
357 363 
361 362 
364 365 
369 364 
376 362 
435 416 
435 417 
435 416 
435 417 
435 418 
432 414 
419 406 
421 400 
421 402 
420 401 
414 399 
412 397 
407 393 
403 395 
410 397 
416 398 
422 399 
220 445 
222 446 
221 445 
223 446 
222 444 
222 445 
222 444 
220 445 
222 446 
221 444 
