355 110 
370 148 
370 142 
376 150 
379 155 
383 150 
386 153 
386 151 
389 152 
392 158 
395 163 
397 167 
393 178 
392 185 
389 190 
392 198 
393 208 
388 225 
382 251 
365 275 
350 292 
337 299 
323 305 
311 310 
299 311 
292 310 
283 316 
278 306 
274 313 
278 304 
288 303 
303 300 
321 298 
335 295 
348 291 
356 293 
367 294 
370 306 
371 319 
365 326 
364 338 
359 347 
355 352 
346 362 
339 366 
326 376 
313 383 
301 389 
283 392 
265 395 
247 396 
227 397 
214 389 
198 386 
187 382 
181 372 
178 370 
175 368 
177 364 
185 362 
190 372 
