233 197 
251 204 
255 203 
255 200 
257 199 
256 192 
258 196 
261 194 
265 197 
272 196 
293 189 
307 174 
322 181 
334 189 
335 199 
337 206 
340 219 
349 230 
350 243 
344 254 
329 271 
309 280 
289 286 
270 295 
253 301 
240 306 
235 305 
238 304 
250 304 
269 303 
295 299 
318 296 
338 296 
354 302 
370 313 
379 325 
385 341 
383 355 
370 366 
351 379 
342 386 
340 396 
331 401 
320 407 
310 414 
297 417 
287 370 
281 384 
297 316 
291 317 
287 318 
282 318 
278 319 
275 320 
269 322 
269 323 
264 326 
265 323 
272 317 
