285 203 
286 205 
286 204 
286 205 
288 201 
286 201 
287 202 
286 197 
287 197 
291 192 
297 188 
302 191 
310 186 
312 189 
317 179 
336 174 
345 171 
359 170 
376 180 
387 190 
398 202 
401 220 
396 239 
384 251 
369 260 
355 266 
336 279 
321 285 
308 288 
306 287 
308 287 
310 286 
319 280 
333 273 
353 274 
368 280 
389 288 
407 303 
414 315 
423 333 
423 354 
419 369 
409 381 
404 394 
396 396 
383 407 
367 414 
341 420 
324 422 
299 425 
279 420 
265 412 
253 404 
245 393 
246 391 
245 381 
237 365 
241 362 
239 358 
235 352 
234 347 
226 356 
224 354 
