187 170 
188 168 
189 166 
192 166 
191 164 
187 163 
193 165 
191 164 
198 165 
196 162 
210 164 
215 162 
226 162 
238 158 
302 147 
260 156 
268 157 
282 156 
296 157 
307 164 
325 169 
329 175 
334 190 
331 205 
318 214 
307 219 
294 229 
285 243 
277 256 
268 263 
261 271 
251 273 
249 277 
246 278 
244 287 
247 288 
253 288 
264 277 
279 273 
288 270 
302 265 
316 261 
331 262 
344 265 
358 273 
369 285 
337 289 
339 289 
344 292 
351 296 
355 299 
365 309 
365 308 
366 308 
366 310 
369 317 
371 325 
367 331 
365 338 
364 345 
366 356 
364 363 
348 364 
313 422 
310 425 
310 426 
311 427 
312 426 
314 426 
311 425 
311 420 
314 417 
313 416 
313 418 
310 419 
309 418 
307 422 
303 421 
304 422 
304 424 
303 423 
303 424 
298 425 
299 427 
298 427 
298 428 
295 429 
285 431 
281 432 
280 434 
281 434 
281 433 
281 434 
277 434 
265 435 
263 436 
264 436 
262 437 
252 438 
248 437 
240 437 
239 437 
239 439 
240 438 
239 438 
226 437 
219 436 
206 436 
203 436 
206 435 
204 436 
187 434 
176 434 
158 431 
150 429 
140 425 
131 420 
127 420 
124 419 
123 418 
126 419 
127 418 
127 416 
128 417 
130 413 
132 403 
