295 134 
294 133 
279 140 
274 123 
278 122 
282 119 
285 113 
290 116 
293 111 
294 107 
322 107 
352 147 
392 159 
415 108 
439 94 
451 121 
456 154 
450 175 
440 187 
429 195 
411 212 
395 232 
369 257 
360 264 
357 264 
351 258 
321 264 
317 283 
321 264 
328 259 
345 248 
361 233 
382 225 
400 222 
415 229 
433 239 
448 254 
461 271 
468 294 
473 314 
467 340 
461 359 
244 373 
248 374 
248 376 
252 378 
253 379 
257 380 
256 379 
256 376 
255 375 
251 376 
247 367 
241 357 
235 348 
229 337 
220 323 
210 312 
210 308 
210 306 
211 304 
