233 172 
231 169 
234 167 
241 166 
247 167 
256 166 
262 168 
271 166 
279 166 
288 166 
292 167 
294 168 
300 171 
296 171 
306 171 
316 173 
332 178 
342 189 
349 196 
353 213 
350 232 
342 254 
324 272 
308 287 
291 297 
277 301 
263 312 
252 307 
238 319 
227 320 
224 322 
232 320 
243 316 
257 315 
273 312 
287 314 
305 310 
323 307 
338 309 
348 316 
356 324 
365 332 
370 366 
367 378 
359 391 
351 402 
337 409 
323 415 
311 422 
296 426 
285 428 
269 434 
282 339 
273 342 
250 367 
239 366 
230 363 
243 338 
239 334 
233 332 
223 329 
218 328 
204 331 
211 319 
226 305 
