259 143 
261 148 
258 148 
259 148 
261 147 
263 153 
268 144 
267 146 
264 141 
269 143 
279 140 
290 141 
298 142 
305 147 
319 156 
336 158 
353 167 
368 175 
386 189 
393 209 
384 223 
370 244 
346 248 
327 253 
310 255 
298 262 
290 255 
285 257 
283 258 
286 256 
291 249 
295 245 
312 232 
325 220 
342 215 
354 212 
370 217 
386 226 
398 274 
404 301 
408 320 
406 338 
388 355 
377 358 
368 366 
359 368 
352 371 
337 377 
325 384 
317 389 
307 395 
301 394 
287 395 
277 397 
269 395 
257 392 
241 388 
229 378 
220 368 
207 361 
200 354 
195 352 
191 350 
195 347 
199 347 
205 342 
211 327 
240 345 
