284 293 
283 292 
283 289 
286 288 
288 288 
287 285 
286 281 
288 280 
292 276 
296 276 
299 277 
306 276 
318 273 
329 276 
334 277 
344 281 
353 286 
360 289 
369 292 
370 302 
365 313 
367 321 
362 332 
359 333 
351 342 
349 341 
350 344 
342 348 
342 350 
339 354 
328 355 
324 354 
319 355 
316 353 
311 357 
306 356 
306 360 
309 357 
314 356 
319 355 
322 350 
329 349 
336 350 
342 350 
348 355 
352 361 
362 367 
368 376 
373 384 
378 391 
378 398 
381 403 
381 410 
381 415 
378 420 
379 421 
373 422 
370 426 
364 430 
365 430 
361 431 
359 433 
352 433 
345 437 
338 438 
328 440 
325 444 
314 443 
308 442 
299 442 
291 439 
284 439 
276 434 
275 435 
269 431 
267 428 
266 428 
263 425 
261 424 
258 421 
257 418 
257 416 
249 413 
250 412 
248 411 
248 409 
