216 176 
218 175 
222 170 
222 172 
228 166 
227 167 
229 166 
233 165 
242 161 
244 162 
252 165 
260 170 
262 172 
274 170 
275 171 
286 174 
287 178 
300 185 
302 189 
308 195 
310 203 
313 210 
311 219 
311 232 
307 245 
304 251 
296 257 
249 264 
252 263 
255 266 
253 263 
257 263 
259 263 
259 264 
259 265 
260 267 
260 264 
261 266 
264 264 
268 263 
312 275 
316 274 
324 273 
325 273 
325 275 
327 277 
335 280 
336 282 
338 289 
336 290 
342 293 
343 295 
348 299 
349 301 
349 303 
353 304 
356 311 
356 317 
361 320 
361 327 
362 331 
360 336 
357 338 
357 340 
358 345 
355 352 
355 356 
354 362 
353 366 
351 374 
349 378 
347 385 
348 389 
340 393 
341 398 
338 397 
337 399 
334 399 
330 403 
327 402 
328 405 
326 409 
324 411 
321 416 
315 419 
312 423 
308 425 
298 423 
289 428 
278 432 
269 429 
259 430 
259 432 
252 429 
248 429 
198 419 
198 421 
196 423 
197 423 
192 421 
192 423 
193 422 
192 419 
189 419 
182 414 
179 410 
178 408 
175 409 
173 404 
173 399 
169 392 
166 388 
168 384 
167 377 
172 380 
170 378 
