291 267 
294 267 
292 268 
293 267 
295 267 
294 265 
296 266 
297 265 
302 267 
301 262 
302 256 
305 250 
314 242 
320 236 
336 235 
338 236 
354 239 
363 241 
381 243 
385 253 
388 260 
388 273 
388 281 
390 289 
385 292 
376 301 
369 305 
354 312 
356 311 
346 315 
347 317 
345 318 
330 324 
326 327 
329 326 
328 322 
333 320 
338 315 
342 313 
353 316 
361 319 
372 325 
386 332 
396 339 
399 348 
408 359 
408 369 
411 383 
406 387 
407 398 
403 404 
398 410 
393 417 
389 423 
381 427 
367 430 
354 435 
343 435 
335 436 
322 437 
311 435 
301 435 
297 434 
289 431 
280 423 
281 422 
279 419 
272 413 
273 410 
271 408 
273 408 
270 404 
268 402 
263 393 
