306 180 
306 182 
306 178 
308 177 
307 176 
309 175 
311 176 
312 175 
319 171 
331 166 
345 158 
359 156 
386 160 
395 169 
410 173 
420 185 
426 197 
431 211 
433 224 
429 232 
417 249 
407 254 
395 261 
378 265 
363 268 
355 273 
349 280 
343 280 
341 276 
345 280 
355 272 
366 273 
387 278 
403 290 
420 302 
432 321 
433 335 
431 354 
424 364 
415 371 
407 379 
398 386 
380 393 
360 401 
335 405 
319 405 
306 402 
292 396 
281 389 
274 377 
276 374 
273 362 
268 345 
268 339 
267 335 
262 335 
263 342 
