301 83 
303 83 
301 82 
302 81 
302 83 
304 85 
304 87 
305 85 
305 87 
306 83 
309 84 
310 82 
313 83 
315 84 
320 85 
321 88 
326 92 
328 92 
335 94 
343 93 
353 95 
361 99 
370 108 
376 114 
385 118 
392 128 
406 143 
409 160 
409 169 
403 169 
394 185 
395 194 
386 208 
388 209 
382 214 
370 219 
360 220 
352 227 
345 230 
340 229 
337 229 
329 233 
324 234 
318 236 
318 237 
318 233 
315 233 
316 230 
316 229 
320 226 
330 223 
342 216 
357 214 
372 211 
381 219 
397 219 
406 230 
417 232 
422 246 
432 251 
434 269 
438 277 
434 294 
429 312 
422 325 
413 331 
399 344 
388 351 
373 360 
361 363 
352 368 
345 374 
337 377 
337 379 
336 382 
331 387 
323 391 
314 394 
309 395 
296 396 
278 396 
263 391 
254 388 
240 383 
232 376 
232 373 
219 366 
221 367 
220 366 
217 363 
211 359 
212 359 
