282 183 
282 178 
283 182 
280 179 
282 185 
278 179 
282 180 
282 178 
283 177 
288 168 
291 158 
298 149 
303 141 
315 141 
321 145 
333 143 
346 146 
360 150 
372 157 
381 166 
386 176 
387 193 
387 202 
382 210 
374 216 
363 227 
353 234 
338 243 
326 250 
319 251 
314 259 
316 258 
314 252 
322 247 
329 240 
342 241 
356 243 
377 253 
389 263 
405 279 
410 292 
414 308 
414 327 
412 341 
403 348 
393 360 
382 371 
373 381 
352 387 
339 396 
323 399 
306 399 
294 397 
278 392 
268 377 
263 370 
260 363 
255 355 
251 349 
251 345 
252 343 
247 344 
