268 174 
265 176 
269 174 
268 173 
269 168 
269 166 
271 160 
269 158 
274 155 
280 154 
284 153 
282 149 
287 144 
292 147 
302 134 
305 137 
309 130 
309 124 
320 122 
334 123 
336 120 
351 124 
366 133 
382 139 
393 152 
400 163 
402 175 
406 184 
402 193 
395 197 
383 210 
369 224 
357 232 
348 241 
343 246 
329 263 
324 268 
322 270 
327 268 
332 260 
339 250 
346 236 
356 225 
364 228 
377 234 
388 244 
401 253 
409 270 
415 279 
416 293 
414 300 
408 315 
404 325 
400 337 
392 345 
379 357 
372 368 
364 376 
352 379 
337 386 
322 388 
309 390 
302 389 
296 386 
290 382 
281 372 
278 365 
271 354 
265 350 
257 338 
257 332 
246 318 
242 313 
