223 115 
223 113 
224 111 
223 110 
226 113 
228 114 
231 112 
231 113 
226 112 
235 114 
241 116 
245 115 
249 111 
376 212 
361 222 
378 214 
381 211 
380 214 
384 215 
385 219 
384 226 
373 239 
347 250 
349 243 
341 246 
337 246 
328 245 
324 239 
320 247 
312 258 
306 266 
299 273 
291 277 
288 275 
280 281 
277 281 
280 281 
277 280 
280 274 
292 266 
308 261 
332 263 
348 264 
355 271 
360 278 
368 285 
376 294 
382 311 
382 327 
381 339 
368 342 
359 354 
353 363 
341 370 
283 419 
282 418 
281 418 
274 421 
267 423 
259 422 
251 419 
244 419 
236 418 
232 418 
223 415 
214 414 
203 412 
188 410 
184 408 
185 406 
185 404 
186 407 
184 407 
186 408 
185 408 
190 405 
192 395 
