275 202 
273 199 
273 197 
270 192 
269 191 
270 190 
267 187 
269 182 
274 189 
266 151 
272 150 
286 153 
284 163 
293 178 
295 163 
302 160 
310 163 
321 167 
327 173 
329 181 
331 190 
335 195 
334 199 
330 209 
331 224 
320 229 
307 236 
294 243 
285 252 
279 260 
274 268 
272 269 
268 273 
264 271 
267 264 
281 254 
299 246 
312 242 
332 241 
349 250 
363 262 
372 279 
372 289 
378 303 
384 314 
384 327 
378 341 
373 348 
363 355 
350 360 
338 366 
326 372 
316 377 
305 384 
297 385 
286 385 
276 385 
262 388 
255 386 
242 389 
227 389 
220 387 
214 380 
207 372 
201 365 
197 357 
193 352 
198 348 
200 346 
206 340 
216 336 
222 325 
236 341 
