219 196 
225 202 
226 202 
230 204 
230 206 
229 206 
234 204 
233 204 
238 205 
243 206 
249 207 
266 209 
286 205 
305 205 
323 208 
341 208 
356 218 
365 235 
363 254 
353 275 
342 300 
327 318 
315 327 
301 334 
303 337 
294 340 
290 342 
284 340 
283 341 
286 341 
291 338 
301 333 
318 325 
338 320 
354 326 
363 333 
374 342 
383 352 
386 359 
389 367 
368 384 
378 382 
354 383 
348 386 
355 393 
341 407 
336 412 
326 422 
317 428 
309 432 
302 437 
290 442 
276 443 
270 445 
257 444 
242 443 
236 443 
224 441 
206 437 
197 433 
184 428 
179 424 
174 422 
179 418 
184 414 
180 395 
188 391 
165 413 
