276 130 
272 100 
273 102 
278 134 
277 102 
278 101 
281 98 
282 100 
287 96 
292 90 
297 88 
303 88 
315 93 
330 92 
340 95 
360 137 
370 142 
382 150 
400 160 
423 167 
420 171 
429 177 
426 187 
414 202 
401 211 
388 222 
378 236 
369 266 
355 280 
344 286 
337 290 
324 289 
324 268 
305 292 
300 288 
299 290 
304 286 
326 271 
349 253 
372 239 
392 231 
406 216 
421 209 
437 224 
445 245 
452 276 
445 339 
453 352 
448 367 
438 377 
421 386 
409 386 
407 355 
398 358 
394 334 
384 337 
377 336 
358 345 
350 342 
332 346 
319 345 
299 348 
278 350 
263 349 
251 350 
234 343 
225 335 
218 321 
