279 224 
277 224 
268 201 
261 202 
267 199 
267 196 
269 199 
262 196 
259 196 
261 196 
257 191 
277 209 
273 200 
294 204 
309 210 
325 220 
338 228 
340 232 
354 239 
369 241 
390 249 
399 257 
394 266 
382 277 
368 286 
351 303 
341 309 
333 319 
321 323 
313 325 
307 326 
300 327 
296 325 
294 329 
297 323 
309 320 
320 313 
328 304 
342 304 
354 306 
368 310 
384 314 
397 323 
410 333 
418 346 
419 359 
410 367 
400 368 
396 374 
390 388 
381 394 
372 398 
364 402 
354 407 
344 411 
333 414 
320 418 
306 418 
297 417 
286 414 
271 410 
258 407 
241 407 
227 404 
216 400 
209 399 
207 399 
210 396 
214 393 
223 385 
250 378 
268 423 
