321 214 
325 207 
329 197 
333 194 
340 188 
346 181 
355 175 
364 171 
376 170 
391 168 
404 172 
440 196 
439 196 
438 191 
438 194 
437 197 
436 196 
436 194 
439 196 
440 198 
443 204 
447 211 
449 218 
449 226 
452 228 
451 235 
450 238 
444 247 
437 257 
431 262 
419 276 
412 285 
404 288 
403 291 
394 291 
388 293 
384 292 
375 292 
367 296 
362 297 
365 295 
370 292 
376 285 
386 284 
394 281 
402 279 
407 285 
418 283 
425 288 
434 292 
443 295 
453 304 
466 316 
470 332 
472 347 
474 362 
475 376 
472 385 
468 393 
467 397 
456 399 
447 403 
440 407 
432 411 
422 420 
408 426 
392 431 
374 438 
354 436 
343 437 
325 436 
319 432 
307 427 
301 420 
299 413 
300 408 
295 399 
296 394 
294 391 
290 389 
291 388 
