271 169 
269 171 
273 168 
270 172 
272 175 
272 177 
279 176 
286 173 
290 170 
296 168 
311 171 
320 174 
327 174 
333 175 
341 176 
355 172 
368 179 
377 186 
378 200 
380 213 
382 227 
383 242 
376 254 
365 267 
344 279 
324 290 
306 306 
293 311 
277 313 
265 315 
262 313 
265 310 
267 306 
276 299 
289 286 
303 259 
317 255 
324 250 
335 259 
349 248 
354 266 
363 275 
372 291 
381 306 
387 320 
384 333 
377 347 
346 377 
355 376 
336 386 
327 392 
317 395 
301 399 
289 402 
280 406 
264 408 
249 409 
231 410 
217 406 
208 396 
202 384 
193 367 
184 364 
187 358 
191 351 
190 349 
