279 210 
277 208 
267 183 
262 182 
263 211 
253 179 
250 177 
267 211 
267 179 
263 169 
272 173 
291 171 
316 170 
334 176 
355 178 
376 186 
387 195 
393 209 
395 223 
392 239 
383 262 
362 290 
344 304 
322 306 
308 304 
295 306 
286 305 
286 297 
293 293 
306 301 
326 287 
351 295 
366 292 
385 299 
396 308 
400 315 
404 332 
399 350 
382 366 
367 377 
360 389 
345 397 
329 400 
315 403 
301 405 
287 407 
275 404 
262 400 
249 395 
241 389 
231 387 
225 381 
225 380 
235 369 
187 355 
192 372 
