278 241 
279 244 
280 242 
279 241 
282 239 
283 234 
289 225 
297 213 
312 210 
321 189 
336 183 
350 176 
363 178 
380 185 
397 197 
408 206 
420 214 
423 223 
426 236 
422 247 
408 256 
395 268 
381 279 
365 285 
347 300 
337 307 
331 302 
334 302 
339 298 
343 291 
358 287 
370 286 
384 293 
396 305 
406 319 
420 333 
424 353 
424 365 
416 377 
411 384 
400 395 
391 400 
367 410 
357 411 
341 411 
325 411 
306 404 
302 404 
291 395 
285 389 
278 383 
273 374 
277 373 
275 368 
274 364 
267 359 
265 357 
260 362 
257 361 
258 385 
260 387 
