293 134 
297 137 
302 142 
301 140 
304 143 
302 141 
304 136 
306 134 
311 133 
312 132 
316 129 
322 131 
326 129 
331 131 
339 138 
342 144 
353 146 
367 150 
399 196 
407 203 
411 231 
405 239 
389 249 
369 259 
350 268 
332 270 
317 270 
305 264 
291 261 
291 257 
297 255 
301 255 
313 255 
334 249 
357 244 
374 249 
389 242 
401 247 
400 283 
397 330 
371 354 
342 371 
334 374 
327 376 
322 383 
318 389 
312 397 
307 399 
296 400 
287 397 
275 394 
262 392 
248 392 
236 390 
228 384 
219 378 
217 374 
217 370 
223 363 
221 348 
