219 74 
220 74 
222 76 
206 74 
222 74 
209 72 
223 76 
221 78 
222 71 
223 70 
228 71 
233 71 
231 75 
238 83 
221 81 
330 92 
343 86 
349 93 
347 95 
351 95 
333 96 
337 99 
333 100 
334 106 
335 107 
381 190 
381 187 
377 188 
382 191 
382 196 
382 201 
379 198 
381 202 
379 203 
377 207 
378 209 
374 212 
373 214 
362 207 
365 211 
362 209 
353 203 
354 165 
348 158 
342 159 
342 160 
340 159 
338 164 
338 165 
338 172 
337 170 
339 172 
340 171 
331 171 
341 174 
333 175 
338 176 
337 178 
329 183 
334 184 
274 337 
328 199 
249 345 
307 207 
307 216 
296 215 
301 228 
273 283 
277 285 
286 284 
296 285 
303 287 
310 285 
319 286 
324 278 
325 286 
332 288 
342 286 
350 294 
360 304 
366 313 
374 323 
384 334 
394 343 
401 348 
403 361 
398 371 
389 377 
384 381 
386 382 
375 386 
