287 169 
290 171 
288 165 
291 168 
293 172 
297 167 
295 165 
297 153 
302 150 
312 140 
320 130 
341 126 
353 129 
367 130 
386 139 
398 142 
410 158 
421 174 
420 191 
411 211 
394 227 
375 244 
357 250 
339 260 
323 271 
323 270 
326 269 
333 265 
343 255 
362 256 
382 266 
403 280 
418 297 
434 311 
438 331 
436 356 
431 375 
421 389 
409 398 
396 406 
372 412 
349 414 
326 416 
305 413 
290 410 
272 402 
258 390 
255 381 
251 374 
247 364 
241 355 
243 350 
240 344 
236 341 
234 337 
231 338 
