277 220 
279 215 
276 219 
274 218 
270 203 
261 174 
265 165 
274 202 
274 204 
270 166 
275 167 
281 160 
298 181 
294 147 
302 138 
313 144 
333 146 
342 165 
350 168 
358 183 
364 189 
374 190 
377 197 
390 201 
393 213 
385 228 
369 251 
348 258 
328 266 
312 271 
295 279 
282 281 
275 283 
268 286 
265 291 
267 291 
280 287 
298 277 
318 270 
339 268 
354 267 
368 275 
380 281 
385 300 
383 323 
375 342 
366 363 
358 373 
344 379 
330 387 
323 389 
307 398 
294 401 
281 401 
268 399 
258 398 
247 397 
230 398 
223 393 
209 383 
203 370 
185 364 
189 358 
186 357 
189 341 
