271 152 
285 131 
286 125 
294 123 
301 124 
304 121 
309 124 
313 126 
318 127 
327 127 
340 131 
349 113 
372 119 
398 145 
435 202 
439 231 
439 217 
423 233 
398 253 
380 259 
361 271 
346 278 
333 283 
322 285 
313 288 
308 290 
309 283 
315 283 
328 280 
343 279 
361 270 
376 262 
389 263 
403 268 
414 276 
420 283 
429 301 
430 322 
427 341 
416 360 
392 377 
356 387 
360 385 
349 389 
338 395 
324 400 
317 400 
312 404 
310 405 
301 411 
294 414 
284 416 
273 414 
262 414 
253 412 
245 407 
235 403 
226 398 
214 389 
210 384 
210 382 
209 378 
206 347 
