280 239 
281 238 
278 232 
279 225 
279 223 
279 219 
281 219 
283 215 
287 211 
289 210 
294 205 
296 206 
301 201 
306 197 
310 201 
313 197 
318 192 
320 191 
338 182 
343 185 
354 182 
371 187 
383 194 
388 200 
393 207 
397 216 
399 223 
396 229 
394 242 
391 247 
386 255 
381 259 
364 273 
357 279 
343 294 
334 296 
327 304 
329 302 
328 298 
328 292 
332 289 
338 285 
342 281 
349 282 
354 284 
363 290 
373 290 
381 294 
391 299 
396 309 
402 315 
404 326 
406 333 
408 344 
406 352 
406 358 
403 365 
398 369 
395 374 
392 380 
388 385 
384 389 
382 391 
372 396 
365 398 
357 400 
344 403 
334 408 
328 407 
321 405 
312 406 
306 408 
304 407 
300 406 
297 406 
289 399 
287 395 
282 396 
281 389 
278 389 
280 379 
272 364 
273 354 
268 347 
270 346 
262 342 
