277 210 
281 210 
282 213 
284 209 
281 207 
286 205 
289 204 
290 198 
289 199 
293 194 
294 191 
295 189 
301 187 
299 185 
312 183 
312 181 
317 174 
320 170 
326 165 
339 164 
347 164 
358 166 
372 173 
384 180 
402 189 
408 193 
411 204 
416 212 
417 218 
410 226 
404 232 
392 243 
384 251 
380 251 
366 265 
357 269 
347 275 
340 282 
334 287 
334 289 
336 287 
340 284 
343 278 
351 271 
360 276 
369 277 
384 280 
391 287 
401 295 
410 302 
416 316 
420 329 
419 341 
418 350 
414 360 
410 366 
407 376 
400 383 
393 388 
389 390 
375 398 
355 408 
346 408 
335 410 
319 410 
308 406 
299 402 
289 399 
282 394 
280 391 
277 387 
270 379 
267 376 
261 370 
261 362 
261 359 
254 351 
247 342 
243 336 
