208 112 
207 114 
206 115 
208 121 
205 118 
207 114 
207 112 
209 115 
209 114 
209 112 
227 85 
226 84 
225 84 
228 84 
224 88 
215 122 
215 120 
219 122 
219 120 
222 122 
224 117 
251 54 
253 54 
266 60 
276 63 
277 64 
280 63 
290 62 
292 65 
290 63 
300 67 
317 75 
329 108 
340 112 
355 121 
384 153 
372 135 
401 181 
297 259 
296 263 
294 261 
478 347 
470 349 
469 348 
467 349 
463 349 
462 348 
465 348 
462 349 
456 354 
447 356 
445 363 
445 367 
439 371 
434 378 
427 381 
418 392 
240 351 
243 352 
242 353 
244 354 
240 356 
242 359 
242 356 
242 366 
241 364 
240 364 
240 365 
242 359 
