276 226 
277 221 
282 212 
286 208 
295 193 
301 188 
312 180 
325 171 
335 167 
352 165 
374 173 
387 178 
439 210 
438 208 
433 218 
435 212 
435 217 
435 211 
434 210 
432 214 
433 209 
433 212 
437 213 
433 224 
430 230 
429 234 
431 241 
430 251 
427 263 
428 270 
431 280 
426 292 
425 300 
420 314 
419 326 
416 335 
415 346 
411 354 
407 363 
404 371 
398 377 
394 386 
386 393 
375 398 
363 404 
344 408 
332 409 
317 409 
303 404 
292 402 
285 396 
282 391 
277 384 
274 378 
271 370 
273 363 
271 355 
270 350 
273 343 
273 335 
272 325 
273 319 
275 307 
275 305 
272 296 
274 294 
276 288 
272 289 
274 283 
276 279 
275 276 
276 268 
276 269 
280 262 
278 256 
278 249 
280 248 
279 248 
278 244 
279 244 
277 243 
276 242 
277 246 
278 244 
275 241 
