189 258 
194 254 
204 247 
210 246 
216 253 
223 252 
228 253 
235 260 
243 256 
253 263 
268 276 
275 291 
276 314 
276 333 
278 350 
274 374 
266 391 
253 408 
243 425 
168 423 
166 423 
165 422 
160 423 
160 425 
157 425 
154 423 
150 421 
143 417 
142 412 
139 409 
138 401 
140 396 
141 390 
142 387 
143 381 
144 374 
146 370 
147 364 
145 362 
144 355 
143 340 
143 330 
143 314 
140 308 
142 297 
146 288 
148 282 
150 277 
155 273 
156 267 
162 263 
169 258 
177 255 
181 259 
183 256 
186 253 
192 253 
