242 277 
242 274 
242 272 
240 271 
241 268 
241 262 
241 259 
244 258 
245 253 
249 247 
253 241 
258 238 
266 235 
268 234 
277 229 
281 228 
289 224 
295 228 
304 227 
311 231 
321 246 
328 251 
334 261 
337 268 
338 284 
339 297 
340 307 
342 321 
344 335 
344 346 
343 355 
343 363 
339 366 
337 376 
334 385 
327 394 
316 399 
314 403 
308 405 
299 405 
293 408 
286 409 
273 406 
265 404 
257 399 
252 397 
245 391 
240 387 
237 382 
233 377 
233 374 
229 365 
227 360 
229 356 
228 349 
230 348 
232 340 
233 335 
233 327 
234 318 
234 310 
237 306 
234 298 
239 294 
239 290 
242 284 
242 283 
242 282 
238 280 
237 280 
232 280 
234 277 
