297 257 
298 252 
299 250 
299 249 
299 245 
300 241 
306 238 
312 230 
327 216 
336 213 
389 204 
390 206 
389 207 
389 212 
389 210 
391 209 
393 212 
398 214 
406 220 
414 232 
418 238 
419 250 
423 254 
424 271 
423 280 
424 292 
420 312 
416 322 
417 332 
415 340 
413 351 
407 360 
407 370 
404 379 
397 384 
389 391 
382 396 
375 400 
366 404 
353 406 
338 405 
327 404 
321 405 
310 399 
302 394 
294 387 
291 377 
289 370 
291 364 
292 356 
290 351 
291 343 
290 336 
292 332 
292 324 
294 321 
293 316 
291 311 
291 304 
294 296 
292 288 
292 279 
295 272 
297 269 
298 261 
300 252 
299 256 
299 257 
291 269 
288 285 
287 295 
