218 267 
215 268 
215 262 
217 262 
215 259 
216 260 
220 256 
225 251 
230 249 
236 243 
245 241 
252 235 
256 241 
267 243 
276 246 
291 249 
301 257 
307 272 
309 282 
312 295 
313 308 
314 325 
314 337 
314 350 
316 363 
313 372 
309 383 
305 394 
299 400 
292 404 
286 408 
282 413 
275 415 
264 417 
254 420 
241 420 
228 417 
210 412 
201 403 
191 397 
181 385 
177 374 
175 364 
177 356 
176 347 
179 338 
182 331 
184 319 
188 306 
188 299 
189 291 
195 281 
203 273 
208 268 
209 265 
210 269 
209 264 
206 265 
203 264 
200 262 
197 264 
193 269 
191 276 
186 283 
183 290 
