174 265 
179 260 
186 258 
198 263 
208 258 
216 261 
222 263 
241 263 
248 277 
257 288 
263 314 
268 340 
264 362 
264 382 
257 397 
250 407 
240 419 
234 427 
217 429 
210 430 
194 431 
189 430 
174 427 
163 421 
151 413 
146 406 
145 399 
144 390 
141 379 
143 369 
147 360 
148 351 
146 339 
146 328 
148 317 
149 310 
154 302 
156 295 
161 290 
163 288 
169 280 
174 273 
175 273 
173 269 
178 270 
173 270 
174 273 
171 281 
170 289 
170 305 
169 313 
166 318 
165 320 
163 325 
161 328 
161 334 
160 332 
156 327 
