320 202 
323 199 
322 197 
325 191 
325 192 
328 190 
331 187 
331 188 
333 184 
337 185 
338 178 
339 174 
342 178 
348 171 
352 175 
352 172 
354 170 
359 170 
367 170 
376 170 
383 167 
390 171 
399 173 
404 176 
415 180 
421 184 
427 189 
430 201 
438 207 
447 218 
451 230 
452 242 
454 259 
455 275 
451 293 
447 311 
446 323 
441 336 
438 348 
430 359 
424 366 
416 372 
405 376 
390 383 
374 383 
360 386 
344 386 
330 383 
318 379 
306 373 
299 366 
295 356 
295 346 
289 335 
290 323 
291 312 
289 297 
290 283 
292 273 
295 266 
296 259 
301 249 
302 246 
306 235 
309 232 
312 231 
315 231 
316 226 
287 229 
