264 238 
264 236 
264 237 
264 230 
264 226 
264 220 
266 214 
273 208 
276 201 
280 195 
287 192 
292 189 
307 184 
314 187 
321 187 
335 193 
355 192 
366 205 
376 214 
378 234 
386 247 
394 266 
397 276 
396 294 
395 311 
391 328 
386 347 
379 365 
371 376 
362 388 
356 388 
347 389 
339 392 
334 394 
323 394 
317 391 
307 389 
300 386 
291 385 
283 382 
278 379 
273 372 
265 361 
265 354 
261 346 
262 340 
262 330 
261 323 
261 313 
260 306 
258 299 
258 291 
258 283 
259 273 
260 268 
262 259 
264 256 
264 248 
263 246 
264 247 
264 249 
