305 231 
305 232 
305 221 
307 217 
305 207 
312 197 
312 186 
320 182 
324 168 
329 167 
339 163 
351 161 
361 160 
374 160 
390 165 
410 176 
427 183 
442 201 
450 223 
450 247 
453 270 
452 295 
451 325 
447 343 
439 364 
432 382 
423 390 
413 397 
403 404 
385 411 
371 414 
356 414 
341 413 
324 410 
312 397 
304 390 
300 376 
296 368 
294 359 
291 349 
291 336 
292 328 
294 324 
291 308 
290 301 
291 286 
297 272 
299 264 
302 252 
304 247 
305 245 
305 244 
304 242 
306 241 
299 241 
294 238 
