214 269 
214 264 
217 265 
220 262 
222 257 
224 252 
229 247 
231 245 
234 242 
237 236 
243 239 
252 238 
259 234 
267 238 
275 239 
282 243 
292 242 
297 251 
305 256 
308 262 
309 270 
310 276 
310 300 
313 304 
311 319 
309 333 
305 344 
305 349 
303 365 
299 376 
294 387 
284 395 
279 407 
268 410 
261 412 
242 413 
224 413 
212 410 
199 404 
189 401 
176 393 
170 386 
170 377 
168 368 
171 359 
173 351 
175 340 
174 334 
178 321 
178 309 
181 295 
185 287 
192 275 
202 269 
206 267 
205 268 
203 269 
201 273 
195 285 
193 289 
194 288 
194 286 
194 288 
194 289 
191 285 
187 294 
