300 184 
303 179 
314 166 
325 154 
338 146 
352 143 
382 149 
384 149 
386 144 
385 144 
387 143 
387 144 
390 147 
396 155 
403 159 
415 161 
420 175 
429 182 
436 190 
442 200 
452 216 
456 221 
461 233 
467 246 
466 260 
468 277 
465 295 
460 313 
453 331 
449 346 
445 355 
439 365 
431 371 
420 375 
406 379 
398 386 
387 388 
374 390 
358 391 
349 393 
337 389 
324 384 
314 377 
301 364 
295 350 
292 341 
288 330 
280 316 
283 306 
278 294 
281 282 
281 273 
278 263 
284 256 
285 246 
287 237 
291 231 
291 224 
296 215 
298 208 
298 202 
301 200 
294 199 
299 192 
298 193 
294 187 
297 189 
