426 169 
426 170 
423 168 
422 170 
425 172 
422 171 
417 172 
402 174 
382 172 
362 172 
342 170 
324 173 
313 176 
297 181 
296 178 
296 183 
296 181 
299 185 
295 196 
293 213 
288 226 
288 240 
285 253 
282 265 
280 264 
285 263 
285 259 
286 260 
284 261 
286 265 
284 270 
285 270 
286 269 
285 267 
286 265 
291 263 
301 257 
325 254 
351 252 
376 258 
397 265 
413 277 
429 293 
436 315 
438 336 
434 354 
431 367 
424 377 
414 390 
408 397 
392 405 
370 412 
350 417 
324 419 
303 418 
286 414 
277 407 
270 396 
271 388 
269 382 
271 380 
268 381 
266 378 
265 376 
