385 129 
385 131 
383 127 
380 128 
379 130 
377 132 
376 132 
368 132 
352 132 
335 131 
323 132 
313 131 
297 132 
284 134 
267 133 
252 126 
251 124 
248 129 
248 130 
248 133 
251 142 
249 160 
254 197 
257 208 
256 218 
255 227 
255 229 
253 242 
253 244 
253 240 
253 235 
255 229 
265 225 
274 222 
290 220 
313 223 
333 226 
355 234 
380 243 
393 262 
396 291 
398 312 
397 326 
393 348 
388 365 
376 384 
367 388 
358 391 
340 393 
321 391 
289 392 
264 383 
248 378 
242 373 
234 364 
232 359 
231 356 
234 354 
232 352 
229 346 
219 351 
