388 119 
379 122 
370 123 
360 121 
349 123 
338 117 
329 120 
322 117 
311 118 
301 118 
282 128 
272 127 
267 128 
264 128 
266 129 
262 126 
262 128 
259 133 
255 150 
258 171 
259 195 
260 218 
263 223 
264 233 
263 240 
263 241 
265 236 
271 233 
282 229 
294 229 
312 221 
317 222 
336 221 
354 225 
378 234 
400 250 
415 274 
418 298 
413 323 
411 340 
404 353 
396 365 
383 379 
360 390 
327 402 
311 407 
292 407 
272 406 
258 398 
248 393 
245 381 
243 372 
244 368 
241 360 
243 356 
230 341 
228 339 
