413 112 
417 97 
414 110 
413 111 
414 99 
408 113 
405 111 
402 109 
393 108 
385 102 
375 101 
362 98 
356 101 
345 103 
330 96 
322 95 
314 96 
302 95 
295 91 
288 93 
287 92 
285 94 
286 100 
284 123 
284 142 
284 178 
289 188 
290 195 
287 206 
284 213 
283 223 
281 228 
279 229 
277 226 
280 219 
283 213 
294 210 
307 209 
334 207 
354 204 
377 206 
404 214 
424 222 
441 235 
453 252 
463 270 
458 292 
458 317 
449 333 
445 344 
436 356 
429 365 
417 377 
403 381 
392 389 
373 396 
353 399 
336 397 
326 392 
318 389 
310 379 
301 373 
294 366 
290 360 
288 353 
278 349 
280 346 
278 342 
277 338 
261 334 
