393 123 
394 124 
393 121 
393 123 
392 122 
392 125 
389 126 
389 123 
387 125 
385 128 
372 126 
362 129 
354 128 
341 130 
328 129 
315 125 
307 116 
299 123 
289 121 
291 118 
284 122 
285 125 
287 130 
288 133 
290 150 
289 180 
288 199 
287 208 
286 220 
289 224 
290 230 
288 227 
288 224 
294 222 
300 215 
310 219 
312 217 
333 218 
347 220 
366 223 
378 219 
390 226 
400 231 
405 238 
412 255 
414 269 
417 284 
417 301 
419 318 
418 334 
415 348 
407 359 
402 365 
392 373 
381 378 
361 385 
337 390 
318 392 
298 392 
284 387 
275 382 
272 377 
266 366 
262 360 
263 354 
261 350 
264 345 
261 343 
263 341 
263 340 
258 337 
255 328 
248 323 
247 321 
