386 208 
385 204 
382 204 
383 205 
380 204 
378 204 
368 206 
357 212 
337 211 
318 214 
294 217 
276 221 
266 217 
256 213 
253 210 
251 207 
256 213 
254 225 
253 253 
247 286 
247 302 
244 322 
242 330 
241 338 
240 332 
241 324 
245 319 
252 315 
273 312 
296 304 
317 302 
342 303 
365 311 
385 319 
402 338 
410 357 
409 376 
404 398 
381 441 
379 442 
377 445 
373 445 
373 446 
369 443 
369 445 
363 447 
352 446 
336 448 
320 447 
309 445 
301 445 
290 443 
284 443 
272 440 
266 437 
264 435 
263 434 
256 430 
255 428 
252 423 
251 421 
244 412 
240 407 
241 407 
238 404 
238 405 
