405 171 
404 171 
400 169 
399 169 
396 171 
388 174 
377 173 
364 170 
348 169 
333 170 
315 176 
300 173 
289 181 
281 178 
267 185 
268 189 
270 191 
267 196 
268 211 
269 229 
265 242 
266 255 
266 263 
267 271 
264 282 
264 287 
266 287 
266 290 
266 296 
266 295 
269 287 
275 282 
292 274 
321 270 
353 269 
386 275 
405 290 
414 307 
423 331 
425 356 
421 371 
415 388 
410 395 
400 406 
382 413 
367 420 
344 425 
327 425 
308 423 
298 423 
285 419 
279 415 
275 409 
274 406 
274 399 
270 393 
271 392 
271 389 
273 387 
