394 178 
380 175 
369 171 
351 167 
337 172 
330 169 
323 169 
320 168 
321 171 
322 173 
316 176 
309 178 
305 175 
301 175 
297 171 
289 172 
287 173 
278 170 
272 173 
273 173 
275 175 
273 172 
274 176 
276 181 
274 191 
273 207 
268 227 
266 250 
263 272 
262 283 
261 294 
257 295 
259 296 
263 294 
263 291 
271 283 
280 277 
300 268 
315 264 
336 263 
358 269 
376 284 
390 308 
396 339 
392 368 
356 422 
357 426 
356 426 
357 425 
357 426 
360 426 
359 427 
357 428 
357 432 
354 433 
348 432 
342 434 
337 434 
330 436 
324 434 
317 435 
313 432 
306 432 
295 431 
288 430 
282 426 
276 423 
272 419 
270 416 
258 411 
259 408 
258 402 
257 402 
255 398 
252 394 
253 393 
250 394 
250 396 
