413 130 
411 132 
416 117 
412 129 
408 130 
402 131 
389 134 
370 132 
350 131 
329 138 
310 134 
289 133 
266 136 
244 132 
232 133 
231 133 
238 137 
237 162 
240 189 
238 211 
240 230 
240 256 
240 281 
238 288 
239 288 
242 281 
244 273 
266 265 
286 257 
318 251 
344 252 
375 254 
413 261 
450 287 
465 347 
465 350 
464 350 
464 349 
463 350 
463 348 
462 349 
459 356 
455 358 
452 368 
449 374 
445 380 
437 383 
432 385 
419 393 
413 397 
397 398 
382 402 
357 407 
338 410 
317 412 
299 412 
283 410 
275 409 
260 406 
255 402 
254 400 
253 393 
247 378 
242 368 
245 367 
242 364 
