412 128 
397 130 
382 130 
359 131 
339 130 
316 130 
305 134 
289 134 
287 133 
287 136 
284 136 
282 157 
287 190 
287 201 
284 225 
282 251 
280 268 
281 271 
279 266 
282 256 
293 248 
309 242 
338 241 
368 245 
397 256 
418 276 
438 325 
439 326 
439 328 
438 330 
435 334 
433 339 
431 349 
430 356 
423 364 
419 370 
413 374 
409 378 
402 382 
392 392 
385 396 
376 402 
368 405 
354 409 
344 411 
331 412 
327 410 
314 409 
302 404 
292 399 
286 390 
283 385 
281 375 
277 364 
276 359 
276 356 
275 352 
272 350 
271 350 
263 362 
