408 119 
405 118 
402 117 
403 118 
402 119 
396 118 
386 118 
380 119 
371 119 
364 117 
355 117 
341 116 
328 114 
318 112 
303 107 
293 114 
281 115 
274 117 
262 117 
260 122 
256 122 
255 117 
256 123 
260 144 
258 188 
259 207 
260 212 
259 220 
259 225 
255 232 
256 237 
257 238 
257 235 
260 231 
264 228 
273 223 
281 219 
288 218 
303 216 
323 215 
346 210 
367 214 
390 225 
411 238 
428 256 
437 279 
434 294 
428 317 
423 328 
417 340 
410 354 
402 365 
389 380 
377 387 
360 395 
338 397 
313 399 
288 392 
271 388 
260 379 
250 368 
243 360 
242 355 
243 352 
243 347 
242 347 
