414 142 
400 144 
389 149 
372 143 
354 146 
338 146 
327 146 
308 144 
299 139 
286 143 
281 144 
271 139 
271 140 
272 143 
270 165 
270 181 
267 194 
265 224 
258 251 
260 270 
259 274 
256 287 
260 289 
262 287 
266 282 
279 269 
306 261 
336 254 
363 255 
396 261 
415 285 
429 312 
430 339 
412 400 
412 402 
412 401 
413 402 
411 403 
406 409 
401 417 
397 420 
392 421 
387 424 
380 428 
376 428 
367 428 
355 431 
342 435 
335 435 
320 434 
309 431 
301 428 
291 424 
283 421 
276 412 
272 407 
270 397 
266 393 
268 389 
