403 147 
400 144 
400 143 
398 145 
397 147 
394 150 
388 151 
373 151 
363 150 
342 152 
327 153 
309 153 
304 150 
301 151 
284 149 
264 141 
255 146 
247 146 
247 145 
243 143 
245 151 
245 172 
251 190 
248 194 
250 206 
247 223 
247 240 
248 250 
246 271 
244 284 
245 285 
246 288 
245 286 
246 287 
247 291 
248 290 
250 286 
249 274 
254 265 
262 261 
273 251 
285 249 
294 249 
306 249 
323 256 
335 257 
348 262 
362 270 
374 273 
385 285 
392 292 
400 304 
403 317 
406 329 
403 339 
403 347 
399 357 
398 367 
397 376 
392 383 
388 388 
387 395 
379 398 
371 404 
358 408 
344 414 
323 417 
312 420 
304 421 
287 420 
276 421 
270 421 
260 418 
256 412 
251 409 
248 402 
247 399 
241 385 
240 376 
235 370 
237 369 
237 366 
