355 153 
359 156 
357 154 
355 156 
354 160 
354 158 
350 158 
340 162 
330 159 
319 164 
310 167 
307 172 
293 175 
290 179 
279 182 
269 180 
259 178 
247 180 
241 179 
236 181 
228 177 
226 165 
228 180 
228 183 
233 186 
231 189 
237 199 
236 208 
236 220 
234 226 
230 234 
229 246 
224 254 
225 266 
222 275 
219 286 
216 289 
219 291 
217 290 
220 286 
230 276 
240 274 
249 268 
266 261 
275 257 
295 254 
305 254 
320 258 
331 263 
339 267 
347 272 
353 282 
360 285 
363 295 
363 302 
367 309 
368 321 
368 331 
368 343 
367 356 
361 372 
355 384 
347 395 
339 402 
326 407 
320 411 
305 413 
300 414 
289 415 
279 415 
276 416 
265 413 
259 413 
250 411 
237 408 
236 407 
223 404 
221 402 
213 393 
211 383 
206 375 
204 370 
