422 155 
420 156 
421 156 
422 156 
421 155 
424 158 
419 156 
424 166 
418 160 
409 161 
396 162 
379 164 
362 162 
343 161 
325 165 
305 165 
289 171 
286 171 
287 172 
285 180 
286 183 
286 198 
287 200 
286 210 
287 227 
284 239 
284 257 
286 266 
283 270 
280 284 
280 288 
281 289 
282 287 
292 285 
294 277 
305 270 
319 265 
341 262 
361 256 
382 255 
405 262 
421 270 
437 281 
449 294 
456 308 
462 321 
460 340 
454 356 
448 367 
441 379 
424 392 
414 396 
399 404 
375 408 
359 412 
340 415 
324 416 
313 413 
298 410 
293 407 
287 403 
286 397 
284 391 
278 382 
276 372 
276 371 
276 366 
274 368 
