385 137 
382 139 
381 140 
373 141 
358 138 
352 139 
342 144 
326 138 
315 139 
311 142 
305 145 
295 147 
286 145 
275 142 
273 142 
273 144 
275 142 
275 138 
271 154 
271 171 
273 197 
277 205 
271 213 
273 227 
274 232 
272 240 
273 242 
274 242 
272 241 
270 237 
273 230 
280 228 
290 224 
297 226 
318 226 
335 226 
350 227 
377 235 
399 249 
417 276 
421 294 
429 315 
427 345 
425 358 
419 372 
401 384 
379 393 
360 397 
334 400 
322 400 
310 398 
294 393 
287 386 
277 378 
277 372 
276 365 
273 363 
270 355 
272 350 
270 346 
263 347 
