263 119 
265 121 
266 123 
265 126 
265 128 
270 135 
269 137 
266 136 
267 145 
264 157 
267 189 
270 207 
269 231 
263 254 
265 267 
265 273 
269 273 
270 268 
269 262 
272 253 
279 242 
282 231 
286 214 
289 203 
291 185 
292 174 
291 166 
293 148 
293 141 
294 133 
293 132 
295 138 
297 138 
299 134 
313 140 
339 135 
361 131 
383 124 
402 132 
419 133 
423 133 
439 134 
435 135 
426 150 
417 164 
416 173 
416 193 
408 223 
397 252 
385 280 
378 302 
371 319 
367 326 
360 341 
355 359 
351 377 
349 386 
344 396 
340 408 
336 420 
333 427 
334 435 
