478 295 
473 294 
470 293 
466 290 
464 289 
461 295 
454 298 
449 302 
442 303 
430 308 
410 311 
390 310 
368 312 
347 312 
324 311 
306 313 
289 311 
271 312 
257 312 
246 313 
236 312 
226 312 
329 230 
338 223 
347 215 
347 201 
355 194 
360 187 
365 179 
368 172 
372 151 
378 143 
383 132 
390 125 
393 122 
396 122 
399 121 
397 119 
399 127 
395 129 
399 144 
401 157 
396 171 
393 188 
393 205 
395 221 
397 237 
402 247 
397 255 
397 257 
399 261 
403 272 
403 285 
392 294 
403 306 
405 321 
406 327 
404 338 
404 348 
405 352 
403 352 
404 353 
401 356 
403 360 
402 365 
403 365 
397 367 
399 376 
396 379 
396 368 
373 373 
359 392 
