254 96 
255 89 
253 98 
257 90 
263 92 
274 99 
279 102 
283 107 
279 102 
295 114 
281 106 
279 103 
277 104 
289 118 
309 122 
326 135 
342 161 
347 167 
354 173 
360 171 
366 179 
375 192 
378 199 
382 214 
380 230 
370 247 
359 267 
343 282 
325 296 
307 303 
291 305 
276 307 
266 305 
257 304 
253 305 
253 299 
266 298 
283 287 
300 288 
316 288 
329 296 
342 300 
353 308 
362 319 
367 331 
372 346 
371 360 
362 375 
346 392 
327 400 
308 407 
291 412 
274 414 
258 414 
238 418 
220 417 
205 411 
199 403 
192 391 
191 377 
181 373 
184 369 
180 366 
191 362 
199 357 
208 336 
