341 218 
341 221 
344 223 
345 223 
346 219 
346 218 
345 216 
342 211 
338 205 
334 194 
322 181 
308 171 
290 160 
276 152 
258 158 
240 167 
225 208 
215 219 
213 230 
215 238 
218 246 
228 249 
238 251 
249 252 
256 258 
268 265 
280 274 
293 284 
304 294 
312 306 
316 321 
322 336 
324 344 
331 355 
327 367 
323 373 
318 377 
309 378 
304 382 
293 385 
289 388 
280 391 
271 395 
259 399 
240 401 
223 400 
207 400 
190 390 
186 387 
186 381 
181 372 
179 359 
182 353 
187 349 
189 344 
193 339 
198 334 
205 327 
208 322 
216 315 
223 312 
230 307 
240 304 
241 290 
251 291 
256 277 
264 269 
272 264 
279 259 
289 253 
293 251 
299 248 
305 246 
312 242 
320 236 
327 233 
333 231 
337 227 
335 220 
339 218 
339 213 
336 207 
338 205 
339 196 
