464 166 
465 168 
463 163 
464 166 
464 164 
462 162 
464 163 
460 153 
456 147 
453 131 
445 119 
436 114 
428 109 
424 107 
415 96 
406 93 
396 92 
384 95 
375 95 
361 100 
354 104 
343 118 
335 133 
333 143 
328 165 
332 178 
338 189 
354 190 
366 199 
383 209 
398 221 
408 229 
415 242 
422 247 
430 259 
433 282 
435 296 
439 308 
443 310 
443 328 
444 334 
440 346 
438 356 
434 365 
432 371 
425 378 
420 381 
413 385 
408 390 
394 396 
379 401 
361 401 
352 401 
342 399 
335 396 
328 391 
324 388 
322 377 
313 369 
309 365 
311 358 
309 353 
312 347 
314 336 
317 332 
321 320 
324 308 
334 289 
343 269 
355 257 
369 245 
381 235 
390 230 
405 222 
412 220 
416 216 
426 214 
431 207 
443 201 
444 200 
446 192 
450 189 
444 180 
458 179 
463 174 
462 177 
460 175 
464 172 
462 172 
