319 211 
325 214 
329 215 
329 217 
328 220 
327 218 
328 220 
327 217 
330 215 
328 211 
327 208 
324 204 
320 193 
316 187 
311 178 
299 164 
290 152 
276 153 
264 151 
241 151 
230 158 
219 173 
214 198 
210 221 
218 227 
228 234 
242 246 
253 253 
267 263 
277 271 
286 283 
293 295 
298 305 
305 323 
311 335 
312 348 
310 358 
305 369 
300 375 
292 383 
289 389 
282 392 
275 389 
264 392 
256 394 
241 390 
228 390 
213 384 
202 378 
191 374 
184 368 
182 360 
179 352 
180 347 
186 337 
185 331 
196 323 
198 321 
205 311 
211 295 
218 285 
227 276 
237 266 
246 258 
251 254 
260 250 
267 245 
274 244 
284 239 
287 239 
297 231 
309 227 
313 222 
321 221 
318 217 
319 213 
316 208 
318 201 
