463 139 
462 136 
465 134 
463 133 
463 131 
462 133 
457 133 
452 121 
440 121 
429 113 
419 100 
410 98 
398 98 
390 101 
382 105 
368 116 
358 128 
345 144 
345 168 
344 178 
342 190 
346 196 
355 203 
368 205 
387 223 
404 231 
419 243 
432 259 
446 266 
457 287 
470 294 
477 309 
479 326 
482 337 
481 352 
473 367 
471 374 
467 384 
461 387 
461 389 
454 389 
450 393 
440 393 
415 395 
393 399 
380 403 
364 399 
352 395 
340 390 
331 383 
325 372 
317 362 
316 348 
313 336 
316 327 
320 313 
325 308 
332 297 
341 286 
350 275 
360 266 
377 242 
389 229 
402 218 
410 213 
418 205 
423 200 
432 197 
437 192 
420 196 
430 185 
454 180 
457 169 
462 170 
