394 286 
397 288 
396 290 
395 291 
397 287 
398 286 
397 290 
398 286 
398 285 
397 279 
392 268 
389 263 
379 253 
373 244 
365 234 
350 232 
339 231 
325 236 
320 244 
308 264 
297 284 
297 287 
298 306 
306 313 
319 321 
330 325 
348 340 
362 346 
375 353 
389 360 
400 370 
415 381 
424 391 
431 404 
439 418 
442 427 
439 437 
321 447 
318 445 
316 445 
314 445 
310 443 
308 441 
306 438 
301 433 
297 426 
293 423 
291 415 
289 408 
289 406 
289 399 
295 392 
296 384 
299 380 
306 369 
311 361 
314 355 
319 350 
326 341 
331 336 
341 327 
346 320 
353 315 
358 312 
365 307 
369 305 
374 297 
380 296 
385 287 
386 287 
387 284 
389 282 
392 279 
394 279 
392 274 
395 263 
396 262 
396 259 
398 250 
397 246 
398 246 
397 242 
398 241 
400 238 
399 242 
399 240 
400 241 
