478 196 
479 196 
479 194 
477 187 
477 183 
473 177 
468 166 
462 151 
448 142 
425 134 
404 129 
386 130 
361 140 
341 163 
331 180 
330 186 
335 199 
345 212 
357 221 
373 229 
393 242 
407 257 
423 267 
447 281 
462 306 
469 335 
472 352 
473 364 
466 383 
460 396 
450 411 
441 413 
409 418 
384 417 
356 411 
327 397 
305 385 
293 367 
289 351 
290 339 
296 329 
305 319 
316 305 
324 301 
338 289 
349 277 
364 266 
383 261 
396 252 
407 242 
421 233 
436 228 
446 220 
461 215 
463 212 
471 210 
475 206 
