499 196 
501 192 
500 192 
505 178 
505 184 
505 179 
502 168 
504 162 
505 154 
505 150 
501 138 
489 131 
479 122 
472 116 
456 113 
440 114 
424 112 
408 111 
389 119 
376 129 
366 145 
363 171 
368 193 
376 198 
391 205 
402 211 
419 220 
434 235 
454 247 
471 266 
490 285 
504 305 
515 315 
525 334 
525 356 
520 368 
516 374 
511 383 
509 388 
505 390 
496 388 
488 393 
476 397 
458 400 
435 405 
412 404 
392 404 
370 404 
352 392 
343 380 
339 368 
336 359 
338 351 
342 345 
345 333 
354 324 
359 316 
369 303 
380 289 
398 271 
411 261 
426 249 
441 241 
446 234 
459 230 
463 224 
471 221 
476 219 
479 216 
482 214 
488 211 
491 213 
492 209 
492 206 
469 207 
495 199 
492 202 
469 215 
