419 197 
419 199 
419 202 
417 198 
420 201 
419 203 
419 201 
419 200 
418 195 
417 189 
416 185 
414 178 
412 173 
408 168 
403 164 
396 162 
387 160 
375 158 
371 159 
364 160 
355 159 
349 164 
345 168 
337 179 
330 188 
328 193 
327 197 
326 210 
326 214 
329 217 
336 224 
340 228 
348 236 
353 239 
364 246 
372 252 
383 263 
389 268 
397 279 
404 285 
409 289 
412 306 
416 312 
418 318 
423 320 
424 325 
422 335 
421 345 
418 352 
414 362 
411 369 
405 374 
399 377 
393 376 
388 379 
383 379 
376 382 
367 380 
364 380 
358 376 
350 376 
337 370 
329 362 
322 359 
316 350 
314 342 
313 335 
312 326 
313 320 
315 313 
320 304 
321 299 
323 293 
327 280 
330 274 
336 265 
341 263 
346 251 
350 244 
359 239 
365 232 
369 232 
376 228 
380 224 
390 222 
395 221 
405 215 
409 214 
414 210 
419 208 
419 210 
424 208 
423 205 
422 207 
424 207 
421 207 
421 202 
421 203 
423 206 
