460 150 
456 148 
439 150 
436 152 
432 154 
426 156 
421 162 
420 164 
418 165 
406 179 
402 189 
402 198 
403 204 
412 221 
424 226 
434 235 
450 247 
465 261 
485 276 
495 290 
500 299 
500 309 
495 319 
489 330 
481 334 
467 338 
456 341 
440 345 
425 340 
411 338 
398 332 
391 323 
387 308 
385 298 
390 290 
393 287 
397 274 
407 263 
409 259 
415 253 
430 245 
435 246 
450 235 
455 230 
463 220 
471 219 
477 212 
479 208 
480 199 
480 190 
478 183 
481 176 
478 175 
471 169 
474 169 
475 164 
474 165 
