438 193 
432 194 
431 190 
423 180 
416 169 
401 155 
388 149 
373 146 
356 149 
336 154 
320 169 
304 196 
307 204 
311 218 
323 227 
338 231 
350 236 
365 238 
382 248 
405 255 
418 270 
429 279 
437 296 
442 306 
439 315 
438 325 
432 334 
427 348 
420 357 
413 362 
404 370 
399 371 
378 377 
352 380 
330 380 
312 374 
301 368 
287 359 
277 349 
274 337 
275 332 
278 318 
281 302 
283 300 
292 289 
299 282 
311 274 
325 266 
338 258 
349 254 
359 245 
374 239 
385 237 
393 225 
403 222 
412 214 
400 211 
397 216 
400 215 
399 213 
400 216 
406 207 
