433 171 
433 175 
433 162 
431 158 
432 158 
434 154 
431 154 
429 153 
430 149 
420 140 
409 128 
397 117 
385 113 
373 110 
360 107 
349 111 
335 115 
317 128 
310 146 
309 163 
311 184 
324 188 
336 196 
346 199 
364 202 
378 209 
396 218 
415 235 
424 250 
433 267 
435 285 
432 295 
431 307 
427 323 
421 339 
409 352 
403 357 
389 361 
373 361 
340 360 
325 357 
316 353 
303 344 
293 337 
287 329 
284 319 
284 306 
282 295 
286 286 
295 275 
300 263 
309 256 
318 249 
330 236 
339 232 
350 224 
360 219 
371 209 
383 205 
390 201 
399 196 
405 191 
415 180 
414 191 
425 187 
423 184 
423 180 
418 183 
422 181 
