478 185 
479 183 
480 182 
477 184 
480 180 
479 177 
477 179 
478 180 
478 179 
476 166 
473 160 
465 149 
449 137 
435 126 
421 121 
399 126 
384 122 
362 128 
347 144 
343 162 
345 183 
358 192 
365 203 
383 206 
402 224 
415 239 
430 255 
451 275 
464 301 
468 331 
470 343 
463 359 
452 372 
447 372 
432 378 
401 389 
379 390 
353 386 
330 377 
311 358 
304 338 
303 323 
310 307 
318 293 
330 283 
339 273 
356 259 
372 247 
405 235 
424 224 
449 221 
460 214 
473 207 
486 199 
458 212 
490 202 
