431 186 
428 192 
428 189 
427 189 
427 186 
426 181 
424 175 
419 172 
408 163 
398 149 
383 144 
366 134 
348 127 
331 127 
312 132 
298 154 
281 185 
275 200 
281 211 
287 216 
299 222 
313 235 
330 242 
352 252 
375 267 
394 281 
413 290 
430 311 
440 322 
443 337 
442 352 
434 372 
424 377 
407 383 
387 392 
362 398 
342 397 
322 393 
302 381 
291 372 
286 357 
284 343 
289 329 
295 319 
302 309 
311 296 
320 283 
333 262 
350 247 
366 230 
385 217 
397 203 
412 195 
436 177 
434 173 
435 178 
433 180 
436 179 
435 176 
