436 181 
438 178 
436 182 
433 182 
434 170 
434 163 
428 161 
420 152 
409 141 
395 135 
381 125 
365 123 
351 123 
329 133 
320 156 
307 178 
311 189 
316 194 
328 199 
335 202 
350 205 
364 217 
381 225 
391 237 
409 242 
417 260 
425 275 
429 299 
432 307 
434 314 
436 327 
435 339 
435 352 
423 363 
420 365 
413 367 
400 372 
382 378 
365 380 
349 379 
333 376 
318 363 
310 357 
300 348 
293 335 
290 326 
288 319 
290 311 
295 299 
298 291 
307 280 
312 275 
323 266 
327 256 
341 250 
350 241 
358 235 
369 228 
384 220 
390 215 
396 214 
403 206 
379 208 
413 198 
393 210 
397 198 
