471 179 
470 163 
462 159 
461 148 
455 140 
455 134 
445 125 
441 119 
432 114 
423 104 
411 95 
395 94 
383 93 
369 96 
354 103 
338 115 
334 124 
330 151 
335 174 
339 182 
350 186 
361 194 
373 203 
393 213 
407 223 
429 235 
444 262 
462 275 
474 298 
483 319 
487 336 
488 354 
480 371 
474 383 
468 390 
463 387 
458 389 
444 398 
432 396 
417 396 
392 398 
374 398 
358 392 
342 388 
338 385 
327 376 
318 364 
314 349 
316 334 
313 327 
316 318 
319 310 
329 298 
339 288 
355 271 
368 253 
391 236 
401 226 
419 213 
427 209 
438 198 
455 185 
465 174 
475 167 
476 168 
473 171 
476 166 
474 165 
473 165 
