401 190 
403 188 
403 190 
402 192 
399 192 
400 192 
404 192 
402 191 
400 186 
397 186 
398 178 
393 173 
391 166 
386 160 
381 152 
375 147 
364 140 
356 135 
342 130 
328 125 
315 124 
306 124 
295 135 
285 145 
278 160 
276 178 
271 208 
274 214 
276 213 
283 220 
292 227 
302 224 
315 224 
326 226 
331 227 
341 228 
349 230 
357 234 
367 244 
375 245 
385 251 
388 255 
395 270 
401 277 
403 287 
406 295 
406 305 
408 313 
409 323 
406 334 
404 343 
398 348 
392 354 
384 359 
381 362 
375 366 
371 366 
368 366 
362 368 
352 366 
341 364 
327 364 
314 359 
300 355 
288 351 
283 347 
282 339 
276 334 
276 327 
277 321 
277 308 
277 301 
283 286 
282 278 
284 272 
291 262 
299 260 
300 253 
309 249 
313 244 
322 241 
328 237 
334 235 
341 230 
343 230 
351 227 
358 225 
362 216 
366 211 
367 209 
373 206 
380 210 
361 211 
366 204 
388 203 
393 203 
