411 206 
411 203 
408 202 
405 198 
403 196 
401 194 
395 190 
391 187 
382 185 
374 183 
365 180 
359 185 
348 184 
341 187 
336 190 
328 200 
319 209 
318 212 
317 219 
313 229 
317 240 
321 249 
328 257 
334 264 
347 268 
353 281 
362 286 
370 289 
373 299 
380 305 
384 314 
391 317 
396 322 
397 329 
400 334 
405 341 
405 348 
406 362 
405 371 
405 381 
398 386 
392 390 
390 392 
385 392 
378 395 
375 396 
370 395 
365 399 
359 399 
349 399 
341 399 
332 400 
326 399 
316 397 
305 392 
297 385 
293 378 
288 369 
286 359 
281 347 
287 338 
287 325 
288 317 
294 315 
301 305 
305 307 
313 294 
319 288 
327 283 
336 270 
342 263 
348 255 
357 253 
363 253 
376 245 
380 243 
391 245 
400 242 
407 237 
416 236 
424 230 
426 229 
426 226 
427 224 
424 223 
424 222 
422 213 
421 215 
419 208 
415 209 
