322 227 
324 226 
322 225 
323 227 
322 226 
323 225 
322 224 
322 221 
321 215 
317 205 
307 186 
302 175 
290 163 
279 156 
265 155 
247 163 
236 206 
223 215 
213 217 
211 230 
209 243 
214 252 
222 261 
230 261 
247 260 
257 265 
269 273 
283 279 
293 290 
303 303 
313 316 
317 325 
321 336 
324 350 
324 364 
322 377 
315 388 
304 396 
298 402 
282 403 
262 410 
246 406 
227 405 
213 398 
206 393 
203 383 
201 375 
196 365 
199 356 
200 350 
208 341 
210 333 
219 321 
223 314 
230 307 
241 294 
252 288 
259 275 
268 269 
279 264 
284 257 
291 250 
295 248 
301 243 
305 241 
311 231 
311 230 
319 224 
322 223 
