401 183 
405 188 
402 185 
403 186 
404 179 
403 182 
405 182 
404 181 
402 179 
405 173 
403 158 
395 148 
387 132 
375 125 
367 118 
354 115 
340 113 
326 114 
315 124 
302 135 
293 153 
291 169 
290 186 
303 195 
316 201 
326 210 
341 213 
359 224 
377 242 
386 257 
388 274 
384 298 
380 311 
368 324 
352 337 
335 337 
317 340 
298 336 
282 328 
266 318 
259 305 
256 294 
256 278 
262 270 
274 256 
285 248 
295 235 
312 231 
327 220 
339 216 
352 209 
366 202 
373 202 
381 194 
388 188 
395 185 
400 185 
402 184 
401 182 
398 180 
