336 282 
335 280 
336 278 
336 277 
337 274 
338 269 
339 262 
343 246 
347 228 
354 220 
363 222 
377 214 
388 214 
400 217 
414 223 
435 229 
448 241 
454 258 
460 272 
462 295 
465 315 
463 339 
462 361 
461 379 
454 394 
406 428 
404 429 
400 430 
400 432 
397 431 
395 431 
391 431 
385 430 
379 428 
373 427 
362 424 
354 422 
346 418 
341 411 
335 405 
326 397 
325 392 
325 388 
323 382 
322 379 
324 373 
325 371 
322 364 
322 359 
323 354 
322 347 
323 334 
322 324 
327 313 
327 310 
329 303 
329 298 
331 294 
333 290 
336 290 
335 284 
332 284 
