325 278 
328 270 
334 264 
339 257 
347 247 
350 241 
359 236 
412 226 
411 226 
414 228 
416 227 
416 228 
419 238 
423 236 
425 245 
429 243 
438 252 
446 252 
452 258 
459 263 
462 266 
467 271 
471 286 
471 302 
472 308 
472 315 
466 329 
466 336 
465 351 
461 359 
464 367 
460 373 
458 378 
452 385 
451 393 
448 399 
445 405 
442 414 
437 421 
431 424 
423 429 
411 435 
402 439 
394 440 
388 440 
376 441 
363 439 
351 440 
342 438 
334 438 
329 439 
324 437 
316 434 
312 433 
308 431 
304 427 
301 420 
296 414 
297 409 
298 399 
296 394 
297 388 
299 380 
298 375 
300 370 
300 364 
299 358 
301 352 
301 345 
300 339 
301 325 
304 319 
307 307 
307 306 
315 297 
318 290 
320 281 
319 281 
320 286 
319 280 
320 277 
