245 289 
245 284 
243 279 
245 277 
249 271 
250 267 
256 255 
260 249 
262 246 
268 243 
271 239 
278 240 
286 230 
294 232 
308 231 
317 237 
330 240 
334 249 
336 256 
336 268 
339 281 
338 290 
341 298 
337 320 
334 333 
335 344 
335 355 
335 360 
333 369 
331 378 
323 385 
319 395 
310 401 
301 406 
293 412 
284 412 
275 411 
265 407 
254 404 
238 396 
230 388 
224 383 
218 374 
219 368 
217 358 
216 353 
218 343 
219 333 
222 324 
225 312 
228 304 
230 297 
234 286 
241 281 
247 280 
250 272 
250 274 
245 273 
245 281 
