159 278 
161 275 
163 272 
164 270 
168 269 
168 267 
169 267 
174 264 
179 258 
188 255 
219 247 
223 253 
228 254 
230 260 
235 265 
239 272 
245 272 
252 280 
256 288 
260 306 
262 320 
267 338 
271 351 
269 363 
270 372 
267 382 
261 388 
253 393 
250 401 
245 406 
240 411 
233 417 
231 420 
225 424 
218 427 
211 427 
203 426 
190 426 
176 425 
166 420 
158 416 
153 413 
147 408 
146 405 
143 400 
139 392 
142 386 
140 381 
143 371 
145 366 
148 357 
152 354 
150 345 
152 334 
155 325 
155 313 
153 309 
151 307 
153 304 
152 302 
152 295 
152 293 
154 289 
153 288 
153 286 
154 284 
153 283 
