259 216 
260 220 
257 220 
261 215 
261 212 
263 211 
258 197 
263 186 
266 163 
280 150 
293 141 
310 134 
328 140 
320 161 
357 143 
362 153 
374 157 
383 175 
390 190 
399 213 
401 232 
405 244 
404 262 
405 272 
403 287 
398 303 
391 319 
383 334 
376 350 
367 357 
358 367 
349 371 
332 373 
318 372 
297 374 
285 371 
276 361 
271 353 
270 346 
267 337 
263 330 
261 323 
258 312 
259 305 
258 290 
256 281 
258 271 
260 262 
255 253 
258 246 
259 238 
258 233 
255 222 
253 219 
253 217 
249 219 
250 212 
