281 231 
286 223 
287 219 
291 211 
293 211 
296 211 
301 209 
304 209 
311 205 
322 199 
330 202 
339 206 
351 210 
359 218 
368 228 
378 242 
387 253 
387 271 
389 285 
388 301 
385 308 
383 327 
382 342 
378 356 
372 363 
368 371 
362 379 
360 383 
350 388 
343 391 
336 391 
332 390 
326 391 
315 387 
308 386 
302 382 
298 379 
290 377 
284 369 
277 361 
272 354 
268 348 
265 337 
262 326 
264 316 
263 309 
263 304 
265 297 
268 287 
268 280 
270 274 
273 268 
276 259 
279 255 
282 249 
281 248 
281 243 
