272 121 
274 125 
275 124 
273 128 
275 133 
272 141 
277 149 
274 166 
276 176 
275 188 
273 198 
271 207 
269 223 
266 239 
265 249 
264 260 
267 254 
267 249 
269 244 
270 241 
274 224 
280 214 
283 204 
285 194 
281 185 
278 168 
280 147 
281 139 
282 128 
285 118 
283 115 
288 116 
289 125 
290 132 
303 130 
317 129 
339 125 
361 124 
385 125 
403 124 
416 125 
435 128 
442 133 
444 131 
439 135 
435 143 
423 163 
417 180 
411 194 
392 236 
376 267 
364 290 
353 312 
344 328 
340 340 
334 349 
335 349 
335 351 
332 348 
331 353 
330 359 
329 351 
326 341 
319 344 
318 356 
