354 188 
350 181 
350 185 
343 176 
342 177 
335 171 
327 170 
314 169 
303 173 
293 180 
277 202 
263 223 
253 234 
243 241 
235 258 
229 280 
228 300 
227 316 
229 340 
230 351 
234 365 
237 372 
241 380 
250 387 
256 389 
267 391 
277 394 
290 398 
302 397 
308 396 
322 394 
330 390 
335 385 
356 325 
357 330 
360 336 
359 334 
360 330 
358 333 
358 319 
353 310 
351 302 
348 301 
343 297 
337 285 
328 280 
320 278 
309 277 
296 272 
287 273 
279 273 
267 275 
256 278 
247 280 
241 280 
235 296 
230 309 
226 304 
227 303 
226 301 
231 301 
224 305 
