398 208 
399 209 
399 208 
398 205 
397 204 
395 205 
393 203 
392 202 
391 198 
379 196 
372 195 
364 203 
355 208 
347 213 
337 227 
328 236 
319 251 
310 270 
311 286 
307 303 
309 315 
311 332 
312 346 
315 358 
318 369 
324 379 
331 389 
336 395 
342 397 
352 402 
361 406 
370 406 
377 409 
386 407 
393 404 
399 402 
403 401 
410 397 
413 393 
418 387 
419 383 
426 376 
428 366 
435 358 
435 353 
436 344 
436 333 
435 325 
433 320 
429 314 
422 313 
415 305 
411 307 
407 305 
397 306 
394 307 
388 305 
385 305 
378 308 
371 307 
369 306 
366 306 
357 312 
351 312 
350 309 
338 315 
335 310 
331 306 
323 309 
