397 89 
397 83 
395 87 
392 90 
395 90 
392 87 
391 88 
386 86 
384 86 
374 84 
363 96 
350 104 
342 106 
338 119 
334 131 
334 146 
331 156 
331 176 
331 196 
333 214 
338 228 
340 234 
340 248 
340 262 
342 273 
343 289 
347 297 
353 306 
358 313 
367 323 
380 336 
391 341 
402 346 
412 348 
422 348 
430 346 
432 343 
440 337 
445 333 
453 328 
458 324 
465 315 
472 306 
476 296 
479 290 
482 278 
481 271 
482 257 
480 249 
475 237 
469 230 
455 222 
438 221 
426 214 
416 220 
407 217 
393 225 
379 230 
363 239 
353 248 
349 251 
345 254 
343 257 
339 254 
342 248 
343 248 
342 239 
344 242 
343 240 
344 240 
342 246 
343 244 
342 242 
335 244 
324 254 
309 265 
298 286 
286 317 
