382 162 
383 162 
384 163 
383 166 
384 162 
383 161 
380 162 
378 163 
369 168 
358 168 
336 183 
324 193 
315 205 
312 225 
308 240 
302 262 
296 285 
294 304 
292 326 
293 342 
295 359 
300 369 
305 379 
315 387 
320 393 
332 403 
342 410 
355 416 
374 423 
388 425 
400 425 
410 421 
421 411 
441 400 
449 393 
458 386 
459 384 
463 378 
459 373 
459 368 
456 361 
454 357 
449 353 
439 349 
430 345 
415 335 
401 329 
386 320 
370 323 
360 324 
347 323 
332 328 
314 337 
302 340 
301 341 
299 341 
294 339 
292 346 
294 348 
291 344 
294 339 
295 333 
296 326 
297 335 
295 346 
293 358 
289 372 
290 403 
