426 187 
421 183 
420 184 
413 185 
408 186 
401 183 
393 188 
387 186 
372 205 
364 213 
349 241 
336 264 
321 289 
314 311 
307 340 
305 361 
305 379 
309 397 
314 410 
325 423 
332 429 
337 435 
350 440 
360 444 
369 446 
378 444 
432 377 
428 376 
431 376 
432 375 
431 376 
428 374 
430 372 
421 325 
422 320 
417 321 
419 321 
417 325 
412 318 
406 317 
399 316 
392 316 
387 314 
380 312 
374 315 
369 313 
365 313 
356 315 
347 314 
338 315 
329 318 
318 320 
313 322 
304 324 
305 329 
304 330 
306 332 
305 328 
305 326 
