372 208 
372 206 
370 202 
365 202 
362 196 
356 187 
351 178 
347 175 
340 166 
331 165 
323 165 
309 173 
296 182 
278 198 
265 227 
255 239 
246 253 
240 266 
236 278 
233 300 
233 324 
231 333 
236 355 
242 367 
247 376 
253 387 
265 397 
272 404 
284 411 
292 413 
300 413 
311 410 
319 408 
329 399 
346 392 
355 385 
362 373 
361 369 
363 358 
364 351 
359 346 
353 338 
346 327 
337 323 
329 317 
323 313 
314 310 
306 302 
294 301 
279 304 
272 309 
256 318 
251 326 
244 330 
242 338 
241 335 
240 340 
240 333 
239 330 
240 324 
233 321 
234 315 
231 315 
232 316 
228 322 
230 326 
