388 204 
390 204 
389 204 
387 198 
389 204 
388 201 
385 201 
387 195 
384 194 
385 189 
379 193 
370 193 
360 196 
344 201 
323 227 
308 241 
299 262 
293 282 
289 296 
286 316 
285 336 
287 353 
292 371 
295 384 
304 399 
312 413 
322 423 
337 432 
354 437 
416 421 
414 421 
413 420 
411 420 
412 421 
409 420 
411 422 
411 421 
409 417 
411 412 
413 409 
412 405 
414 400 
417 397 
416 395 
417 390 
416 385 
413 378 
411 373 
408 363 
400 352 
395 343 
386 334 
379 334 
363 324 
350 319 
333 319 
323 322 
308 326 
297 330 
285 340 
282 344 
281 344 
282 342 
280 340 
281 337 
281 333 
279 328 
262 361 
254 404 
