361 170 
360 173 
362 171 
359 171 
357 170 
355 171 
346 168 
339 168 
337 171 
325 184 
317 186 
301 199 
292 208 
286 216 
280 235 
277 253 
272 275 
270 289 
269 307 
271 318 
271 337 
274 350 
279 361 
282 370 
289 377 
296 381 
309 386 
318 389 
328 391 
339 391 
346 391 
354 390 
364 386 
371 382 
377 373 
382 367 
388 354 
390 349 
393 340 
393 335 
393 324 
394 324 
395 312 
389 307 
383 305 
373 297 
366 296 
354 282 
349 279 
343 273 
329 270 
316 271 
311 271 
306 271 
301 274 
292 277 
290 281 
284 285 
283 289 
277 292 
270 294 
