397 186 
394 185 
395 184 
393 185 
388 189 
386 187 
383 187 
375 193 
374 195 
361 211 
356 216 
344 232 
335 243 
325 254 
320 267 
315 283 
315 296 
313 312 
314 321 
313 331 
313 344 
314 352 
315 365 
317 376 
319 383 
328 393 
332 404 
337 412 
380 421 
383 422 
383 424 
385 425 
386 424 
437 391 
439 391 
433 389 
437 390 
436 391 
435 392 
438 392 
439 388 
444 387 
443 383 
446 382 
445 375 
446 372 
447 370 
453 364 
451 360 
454 356 
454 350 
453 346 
453 338 
454 334 
452 334 
449 328 
444 322 
443 312 
433 309 
431 303 
424 299 
412 300 
404 302 
396 304 
387 305 
381 308 
374 314 
364 319 
356 320 
345 327 
340 329 
328 332 
324 335 
318 339 
317 340 
316 342 
316 344 
316 339 
318 333 
319 323 
317 322 
