336 182 
333 183 
337 187 
339 186 
337 183 
339 187 
335 185 
328 184 
325 186 
317 186 
298 196 
284 204 
274 216 
259 231 
251 245 
245 264 
241 287 
242 308 
240 325 
242 337 
244 350 
249 360 
250 363 
254 370 
265 377 
267 382 
282 385 
294 383 
305 386 
319 383 
325 380 
332 373 
340 367 
344 359 
351 350 
353 341 
354 333 
356 329 
352 324 
352 318 
344 307 
338 303 
333 302 
325 300 
318 298 
314 301 
298 297 
293 302 
276 309 
278 308 
260 315 
257 319 
244 320 
247 320 
249 322 
247 321 
