325 193 
326 197 
327 196 
327 191 
328 194 
324 191 
322 188 
317 185 
309 178 
299 176 
292 176 
285 178 
278 188 
267 197 
263 210 
250 219 
245 228 
239 239 
235 247 
231 259 
232 274 
232 285 
231 304 
231 317 
235 335 
239 347 
244 356 
252 367 
259 377 
268 382 
280 389 
289 387 
307 385 
318 380 
323 374 
325 370 
330 368 
334 365 
334 360 
340 355 
343 350 
344 343 
345 339 
344 328 
345 321 
343 310 
342 305 
337 297 
335 291 
327 289 
319 285 
312 280 
304 277 
297 280 
290 280 
283 286 
281 294 
275 296 
271 308 
269 312 
268 314 
261 311 
251 307 
247 301 
244 297 
219 310 
222 310 
220 310 
220 309 
218 310 
223 311 
217 307 
222 308 
221 307 
