341 210 
344 209 
342 207 
335 206 
336 209 
328 203 
327 202 
319 203 
315 204 
303 209 
299 215 
290 221 
274 234 
267 243 
254 256 
243 273 
236 299 
231 317 
228 335 
225 348 
224 357 
224 371 
225 377 
225 384 
232 393 
238 403 
251 414 
255 419 
268 425 
332 417 
334 413 
333 412 
330 412 
330 411 
338 408 
338 406 
344 400 
343 397 
346 395 
347 390 
347 385 
349 381 
351 377 
350 372 
349 364 
350 356 
349 350 
350 339 
350 332 
345 326 
342 323 
337 319 
330 316 
319 312 
311 307 
303 304 
298 302 
286 304 
278 306 
265 314 
259 320 
250 329 
240 336 
228 346 
228 348 
224 351 
213 359 
216 357 
215 355 
217 355 
217 350 
217 346 
