339 202 
338 196 
336 196 
338 200 
339 194 
342 193 
340 198 
342 194 
340 192 
341 189 
341 195 
337 194 
332 198 
326 195 
320 207 
300 217 
284 230 
268 243 
257 258 
253 269 
246 291 
247 306 
246 321 
246 338 
243 354 
247 369 
251 379 
255 392 
266 400 
275 407 
287 414 
297 417 
307 421 
313 421 
323 419 
333 416 
340 413 
347 407 
352 403 
363 395 
363 390 
376 379 
378 373 
377 365 
379 356 
380 343 
381 334 
376 333 
375 327 
364 325 
355 322 
339 319 
326 315 
316 319 
304 322 
290 326 
280 329 
269 334 
256 340 
247 342 
242 347 
241 347 
243 345 
