414 187 
416 180 
413 184 
412 181 
414 181 
414 180 
409 181 
412 170 
407 163 
400 166 
390 171 
380 173 
369 176 
361 185 
343 198 
328 214 
316 233 
309 253 
303 270 
300 287 
299 301 
298 319 
300 328 
301 340 
306 350 
311 358 
313 367 
319 375 
326 382 
336 389 
344 394 
352 396 
362 397 
368 400 
379 401 
455 390 
456 389 
458 385 
457 383 
460 382 
459 373 
464 368 
469 359 
472 349 
474 343 
477 335 
478 327 
478 321 
476 313 
473 312 
471 299 
463 295 
459 285 
447 283 
440 287 
434 279 
428 280 
420 282 
411 279 
404 279 
392 286 
384 291 
372 300 
362 303 
350 307 
343 310 
331 315 
321 323 
313 332 
310 333 
306 341 
300 344 
296 345 
285 365 
294 377 
299 404 
