370 136 
370 135 
367 136 
366 136 
363 134 
355 130 
353 131 
344 127 
338 129 
333 130 
329 137 
320 143 
318 149 
307 157 
301 173 
293 190 
283 208 
281 216 
281 228 
274 232 
269 242 
265 248 
259 267 
255 282 
252 308 
253 325 
257 342 
259 355 
267 368 
268 373 
273 381 
279 383 
284 388 
289 389 
296 391 
305 391 
317 392 
322 390 
332 384 
337 381 
343 375 
386 285 
388 291 
388 296 
386 298 
385 307 
388 303 
385 306 
386 291 
379 282 
378 278 
376 273 
369 271 
364 269 
353 262 
341 256 
332 257 
321 256 
311 256 
299 264 
298 259 
287 266 
274 267 
258 269 
243 276 
239 285 
239 282 
237 275 
238 273 
241 278 
