504 326 
505 327 
505 329 
506 330 
504 331 
507 328 
505 328 
502 328 
500 329 
494 333 
488 336 
483 340 
480 342 
473 345 
467 351 
461 357 
452 362 
439 365 
422 366 
396 364 
366 363 
339 355 
314 346 
276 341 
234 338 
208 335 
196 332 
199 332 
202 331 
208 332 
217 328 
302 233 
309 230 
319 225 
326 227 
335 226 
343 219 
341 218 
344 213 
345 208 
350 199 
352 196 
357 187 
356 177 
365 173 
359 171 
362 402 
365 403 
364 403 
363 403 
362 403 
363 404 
365 405 
364 405 
363 405 
365 404 
365 406 
364 406 
365 405 
367 406 
364 404 
367 404 
365 404 
364 402 
368 404 
366 406 
360 403 
