553 334 
550 335 
549 334 
548 335 
548 336 
546 338 
546 337 
546 334 
545 334 
542 335 
541 333 
537 332 
534 334 
530 332 
524 335 
514 341 
512 337 
513 333 
509 333 
500 333 
500 330 
496 331 
489 330 
485 327 
480 326 
477 322 
469 320 
459 318 
451 318 
436 316 
422 316 
413 313 
402 313 
387 314 
374 317 
358 320 
344 318 
330 319 
316 320 
301 321 
289 324 
279 323 
270 324 
266 323 
272 319 
280 311 
291 304 
306 292 
329 276 
350 261 
367 250 
381 241 
389 236 
395 228 
397 229 
404 221 
408 214 
414 205 
418 199 
428 182 
436 175 
445 164 
453 153 
440 162 
454 150 
454 158 
452 160 
446 171 
440 189 
425 211 
424 228 
420 240 
412 259 
408 273 
412 282 
418 292 
416 302 
423 312 
421 325 
422 337 
419 350 
414 365 
413 376 
416 386 
409 394 
407 397 
407 406 
405 402 
