485 307 
480 313 
481 314 
480 311 
482 310 
480 314 
481 313 
479 314 
475 313 
475 309 
470 310 
468 311 
467 309 
468 306 
465 310 
457 312 
449 316 
439 318 
426 320 
409 321 
393 318 
373 318 
353 315 
332 317 
314 317 
296 318 
276 320 
254 324 
233 334 
221 332 
199 334 
190 332 
172 331 
169 329 
175 327 
180 324 
192 320 
209 318 
229 310 
245 296 
260 280 
273 270 
283 261 
291 250 
301 239 
307 231 
314 222 
320 212 
326 193 
333 169 
336 151 
340 135 
345 132 
349 126 
333 142 
329 139 
328 151 
345 140 
343 154 
338 156 
336 165 
356 103 
330 178 
350 103 
352 107 
320 201 
325 208 
300 269 
318 256 
311 248 
335 254 
337 254 
341 257 
346 275 
345 275 
361 213 
347 383 
346 385 
348 387 
346 389 
347 387 
345 389 
345 390 
343 394 
344 393 
343 389 
342 378 
