454 320 
454 323 
449 324 
449 316 
446 317 
448 319 
451 318 
448 319 
448 318 
451 317 
449 320 
444 323 
441 322 
439 322 
434 320 
433 320 
433 321 
425 324 
425 321 
415 325 
408 322 
402 322 
391 324 
380 325 
367 329 
360 330 
344 331 
337 335 
321 336 
315 338 
302 338 
296 338 
286 337 
281 339 
269 341 
268 338 
251 349 
247 348 
237 347 
232 349 
220 351 
211 353 
218 347 
222 345 
229 342 
232 336 
234 335 
234 334 
237 333 
239 333 
245 330 
252 325 
256 322 
260 320 
261 313 
263 310 
269 308 
273 305 
274 303 
275 304 
276 303 
280 300 
277 303 
278 309 
277 309 
285 302 
287 304 
290 290 
297 286 
298 276 
301 270 
302 265 
306 255 
306 249 
306 244 
303 241 
308 237 
311 235 
310 229 
313 225 
318 222 
326 212 
331 197 
339 184 
347 178 
351 174 
355 170 
362 162 
363 164 
368 150 
363 151 
366 145 
357 144 
372 135 
357 149 
359 150 
372 150 
375 151 
375 158 
376 165 
372 170 
374 170 
372 175 
373 180 
374 185 
371 188 
369 195 
370 202 
368 197 
355 266 
348 265 
355 275 
359 276 
359 278 
359 280 
358 280 
358 287 
359 292 
357 298 
358 303 
357 308 
356 311 
356 317 
355 321 
355 327 
354 333 
352 340 
352 349 
352 352 
357 357 
