467 288 
464 289 
460 291 
460 289 
457 291 
455 288 
450 295 
450 294 
444 297 
442 298 
435 303 
432 304 
426 307 
424 311 
418 311 
417 311 
406 311 
399 312 
390 308 
382 307 
367 309 
352 309 
343 311 
331 312 
320 313 
313 313 
299 316 
291 315 
280 318 
280 317 
268 318 
268 315 
261 315 
255 315 
247 319 
239 317 
235 319 
218 321 
209 320 
199 321 
203 317 
210 312 
213 307 
217 305 
222 301 
224 296 
231 292 
233 287 
239 282 
238 278 
239 277 
244 273 
245 277 
251 271 
254 270 
258 265 
261 264 
269 258 
273 254 
278 251 
279 249 
282 250 
286 248 
289 243 
292 241 
293 236 
295 234 
302 222 
304 221 
322 183 
323 177 
329 167 
333 161 
333 168 
342 156 
335 174 
313 185 
314 190 
315 190 
319 192 
354 160 
336 173 
353 175 
352 187 
351 200 
357 200 
357 207 
351 223 
352 210 
353 214 
355 216 
352 216 
350 220 
349 230 
340 227 
346 235 
347 223 
384 179 
344 222 
341 220 
344 272 
343 272 
341 274 
342 272 
343 277 
345 277 
347 275 
349 273 
348 274 
344 279 
347 279 
346 284 
349 288 
345 297 
347 299 
347 301 
343 305 
342 309 
344 317 
342 324 
343 322 
339 328 
340 335 
338 342 
337 349 
334 348 
333 353 
328 359 
331 363 
332 366 
330 373 
333 372 
332 379 
331 385 
336 392 
337 394 
335 394 
336 389 
