471 227 
470 228 
467 236 
465 230 
463 230 
455 232 
451 231 
444 233 
440 233 
439 235 
427 238 
417 239 
402 243 
390 247 
376 246 
358 248 
339 249 
321 249 
303 253 
287 256 
273 255 
261 257 
246 259 
234 256 
224 257 
217 255 
207 252 
202 251 
199 250 
201 252 
210 250 
218 245 
229 240 
236 238 
242 238 
248 236 
254 238 
261 235 
265 235 
272 231 
279 224 
286 219 
296 212 
306 203 
318 167 
328 149 
341 137 
350 133 
359 120 
352 130 
385 163 
408 115 
381 183 
379 355 
378 358 
375 362 
370 368 
365 373 
361 378 
356 379 
