471 285 
472 286 
470 290 
469 293 
470 294 
468 295 
467 296 
465 300 
463 303 
458 303 
450 303 
439 308 
430 314 
426 318 
419 321 
413 322 
404 327 
396 331 
388 333 
378 336 
363 338 
349 339 
334 341 
329 340 
313 342 
305 342 
292 342 
284 340 
268 343 
256 343 
244 339 
235 340 
213 342 
190 349 
155 369 
145 369 
153 364 
281 265 
280 273 
277 281 
276 283 
275 283 
274 282 
273 280 
271 266 
275 250 
274 250 
287 184 
294 165 
300 159 
301 154 
302 162 
282 173 
288 170 
321 432 
322 432 
319 430 
318 429 
318 424 
321 420 
317 418 
321 417 
324 417 
325 414 
327 412 
323 410 
