456 241 
458 247 
459 249 
457 252 
459 249 
459 248 
457 247 
460 246 
454 251 
451 247 
443 248 
428 260 
419 266 
411 266 
402 266 
391 268 
371 269 
352 270 
326 274 
308 278 
284 279 
256 285 
234 285 
235 281 
238 275 
241 270 
250 259 
260 251 
269 244 
278 240 
291 232 
300 226 
318 191 
327 178 
335 167 
345 156 
353 151 
356 149 
362 145 
346 148 
344 151 
342 160 
360 154 
358 169 
362 176 
357 184 
353 329 
349 334 
350 337 
350 336 
351 339 
350 333 
348 333 
348 336 
348 337 
351 339 
350 341 
348 344 
350 344 
349 347 
350 346 
350 335 
347 313 
