511 307 
508 309 
509 309 
511 310 
508 312 
506 312 
505 314 
501 315 
501 317 
497 316 
491 316 
475 317 
455 314 
436 312 
413 305 
180 279 
178 280 
179 283 
178 286 
179 286 
178 286 
182 285 
296 214 
303 212 
305 209 
305 206 
312 200 
312 196 
315 190 
319 185 
322 182 
325 181 
330 171 
335 168 
338 161 
344 161 
351 160 
360 139 
365 134 
371 129 
367 131 
374 126 
372 133 
371 141 
368 151 
363 160 
358 171 
356 181 
360 189 
362 200 
360 210 
363 218 
369 225 
371 230 
368 237 
371 242 
373 249 
369 252 
368 256 
370 264 
367 277 
364 291 
365 298 
362 319 
357 326 
364 332 
359 341 
358 346 
355 342 
352 347 
352 350 
350 359 
347 360 
349 367 
346 373 
353 374 
356 377 
358 379 
358 377 
357 368 
349 353 
311 383 
