525 325 
526 327 
524 331 
519 332 
520 334 
513 338 
510 339 
506 340 
502 342 
495 342 
486 341 
468 340 
446 339 
427 341 
410 339 
394 337 
378 333 
362 331 
349 327 
335 326 
323 323 
311 318 
298 316 
287 314 
276 315 
269 316 
259 313 
249 317 
256 308 
274 293 
292 282 
312 266 
332 249 
343 241 
349 234 
357 230 
363 227 
370 227 
378 223 
384 216 
387 213 
390 207 
402 194 
404 185 
412 175 
419 164 
426 152 
432 148 
425 153 
428 151 
422 163 
416 172 
405 197 
402 224 
407 243 
411 256 
410 267 
408 282 
406 297 
402 316 
400 331 
399 352 
399 361 
393 376 
395 379 
396 389 
397 399 
397 405 
398 408 
401 413 
400 416 
398 418 
