524 353 
522 353 
524 354 
521 357 
520 359 
516 359 
514 358 
509 358 
503 358 
498 359 
490 360 
487 358 
480 361 
474 360 
465 359 
447 356 
424 354 
399 353 
375 351 
352 351 
326 353 
306 354 
293 355 
282 355 
270 357 
271 357 
279 352 
289 341 
304 322 
319 305 
340 291 
355 280 
370 269 
379 261 
393 251 
396 249 
404 244 
409 243 
407 241 
412 237 
412 238 
408 249 
403 259 
403 275 
403 291 
399 302 
395 304 
385 306 
393 319 
390 333 
387 347 
383 365 
371 369 
372 380 
378 391 
381 391 
382 395 
384 400 
382 404 
382 405 
380 410 
