466 301 
464 302 
462 304 
463 312 
461 305 
459 304 
460 304 
456 304 
451 304 
433 303 
400 308 
362 317 
329 317 
302 323 
277 329 
250 334 
229 337 
214 337 
214 335 
217 331 
222 330 
228 320 
236 314 
240 309 
252 300 
262 280 
275 273 
289 255 
304 236 
318 221 
330 209 
338 198 
347 189 
352 184 
356 178 
363 169 
361 168 
364 170 
364 178 
360 190 
356 207 
353 226 
352 244 
351 265 
349 285 
348 298 
349 313 
348 326 
346 343 
345 360 
344 370 
344 383 
345 393 
344 397 
342 400 
341 398 
341 395 
341 394 
342 422 
