511 378 
509 381 
507 383 
501 382 
502 384 
499 386 
497 388 
493 389 
489 392 
483 396 
473 397 
280 409 
281 411 
278 411 
275 412 
273 414 
268 413 
253 413 
218 411 
196 407 
181 403 
179 399 
182 397 
183 396 
184 395 
186 389 
191 370 
195 363 
202 352 
220 347 
231 344 
240 340 
249 333 
257 325 
269 314 
284 301 
299 281 
313 255 
324 238 
328 223 
328 212 
322 217 
319 210 
335 149 
335 138 
338 139 
337 145 
339 142 
340 145 
343 150 
340 161 
334 181 
330 248 
330 256 
333 265 
331 274 
325 282 
329 285 
333 285 
336 303 
318 332 
323 336 
