472 288 
474 285 
473 287 
470 289 
470 292 
468 291 
468 292 
465 293 
461 295 
453 301 
447 303 
440 304 
434 304 
424 309 
409 314 
388 322 
366 325 
344 329 
325 329 
307 332 
289 332 
267 333 
247 333 
227 330 
212 329 
201 328 
191 329 
299 257 
303 245 
310 234 
316 229 
325 223 
329 217 
336 214 
336 204 
336 196 
343 185 
342 180 
345 154 
353 139 
358 129 
363 118 
370 114 
374 107 
358 131 
363 120 
367 128 
361 138 
354 153 
358 156 
354 177 
348 229 
329 251 
358 238 
365 243 
366 252 
371 256 
375 265 
375 270 
376 276 
374 284 
372 293 
372 307 
369 325 
370 349 
370 358 
366 365 
363 373 
365 378 
367 380 
365 379 
