416 220 
413 223 
412 223 
411 223 
411 221 
407 225 
408 226 
405 226 
404 224 
397 229 
391 231 
383 236 
381 237 
377 239 
364 243 
354 244 
339 248 
314 255 
291 261 
262 266 
231 271 
188 273 
158 275 
162 270 
175 260 
199 249 
224 234 
237 226 
252 217 
280 167 
287 157 
304 142 
313 132 
320 132 
326 127 
297 171 
303 169 
310 140 
303 158 
297 172 
349 110 
348 122 
343 110 
268 282 
301 271 
311 279 
318 284 
319 292 
326 304 
363 278 
358 265 
325 294 
322 285 
323 294 
321 306 
318 295 
