493 254 
495 254 
493 254 
490 253 
488 257 
490 252 
487 257 
484 255 
488 251 
486 258 
483 257 
478 259 
476 262 
469 266 
467 272 
461 276 
457 278 
455 280 
448 282 
444 281 
441 281 
441 279 
429 282 
426 280 
414 279 
412 279 
400 280 
397 279 
388 279 
378 279 
374 276 
365 278 
355 278 
348 281 
345 282 
332 283 
328 282 
319 284 
308 285 
305 286 
291 289 
281 290 
276 290 
265 289 
259 289 
257 290 
242 290 
240 291 
242 294 
244 293 
247 291 
245 298 
248 295 
252 289 
260 287 
264 285 
271 279 
273 275 
279 270 
281 266 
283 263 
290 261 
297 256 
298 256 
304 252 
304 249 
308 247 
313 240 
314 232 
311 228 
312 225 
314 221 
318 219 
319 213 
329 194 
337 194 
341 185 
343 181 
346 178 
350 170 
359 160 
361 159 
362 156 
357 164 
345 164 
348 160 
349 164 
352 160 
349 178 
358 159 
359 158 
360 157 
353 178 
360 168 
356 185 
356 194 
357 198 
354 207 
354 199 
345 216 
342 210 
339 207 
342 186 
334 210 
336 206 
336 192 
339 200 
