525 313 
524 313 
519 318 
515 320 
515 314 
506 319 
502 317 
492 322 
482 320 
469 318 
454 316 
442 316 
433 309 
420 308 
413 306 
406 300 
393 299 
382 296 
370 296 
361 292 
349 291 
338 287 
324 283 
315 279 
303 279 
293 277 
282 275 
271 276 
258 274 
251 273 
246 273 
240 271 
233 271 
222 269 
216 267 
202 268 
196 265 
192 264 
192 265 
191 264 
194 262 
199 260 
203 261 
209 257 
215 253 
218 250 
223 247 
226 247 
233 240 
235 242 
239 240 
243 234 
244 234 
251 232 
253 230 
257 227 
259 225 
263 219 
365 166 
364 167 
363 163 
362 167 
364 167 
363 169 
357 171 
358 169 
364 170 
366 166 
363 171 
369 170 
371 172 
380 169 
375 172 
381 167 
386 170 
387 166 
386 163 
378 167 
388 166 
380 170 
381 174 
381 175 
376 177 
376 178 
375 176 
368 184 
366 199 
366 210 
362 219 
363 229 
354 239 
357 259 
353 264 
352 268 
348 268 
351 279 
352 287 
354 293 
348 295 
346 295 
345 294 
344 295 
344 300 
344 305 
337 311 
340 315 
336 322 
337 320 
336 328 
334 333 
333 341 
324 341 
325 345 
329 348 
328 353 
327 354 
324 359 
319 364 
320 371 
320 365 
320 354 
303 363 
289 402 
