535 289 
488 279 
487 280 
486 286 
486 294 
487 291 
485 290 
481 301 
487 291 
483 295 
473 305 
461 310 
452 310 
440 311 
430 315 
423 320 
417 329 
417 332 
415 337 
409 342 
408 344 
400 347 
399 347 
387 349 
370 350 
356 351 
340 348 
335 350 
323 346 
317 346 
305 342 
290 338 
274 341 
268 335 
272 330 
284 323 
296 316 
312 301 
324 291 
331 285 
338 277 
352 260 
358 248 
361 242 
364 234 
371 223 
373 215 
375 205 
374 197 
376 188 
378 186 
383 180 
380 190 
386 201 
383 218 
394 221 
399 235 
399 247 
394 261 
438 206 
390 275 
440 219 
445 233 
370 327 
364 330 
369 328 
366 339 
369 342 
370 343 
374 342 
