473 305 
468 312 
469 301 
468 308 
470 299 
396 308 
397 309 
400 308 
404 309 
406 311 
402 315 
390 321 
397 317 
397 318 
391 321 
392 320 
389 318 
387 314 
380 316 
375 313 
375 312 
364 310 
360 312 
352 310 
341 312 
347 307 
334 309 
320 312 
310 310 
304 309 
291 310 
276 313 
266 314 
258 314 
255 313 
246 313 
239 316 
231 316 
230 317 
238 310 
244 302 
246 302 
254 292 
258 289 
265 293 
272 286 
274 283 
282 275 
286 268 
288 265 
291 260 
292 254 
294 248 
299 240 
303 232 
308 223 
319 206 
327 198 
337 185 
339 183 
324 184 
332 179 
338 175 
342 177 
350 161 
351 180 
363 156 
355 312 
357 311 
361 309 
359 311 
360 310 
358 310 
356 309 
360 269 
352 269 
350 268 
351 264 
351 263 
352 261 
353 263 
355 262 
356 259 
357 267 
358 266 
359 268 
370 261 
356 276 
361 277 
354 291 
354 295 
359 298 
356 308 
358 309 
354 321 
357 324 
369 332 
373 338 
376 345 
373 348 
374 353 
371 358 
373 361 
370 369 
373 380 
