462 275 
460 276 
458 276 
459 275 
460 274 
458 273 
460 273 
458 277 
461 275 
455 278 
454 277 
450 275 
444 276 
437 276 
431 283 
426 280 
429 277 
423 277 
422 274 
407 278 
388 274 
359 275 
337 268 
312 269 
291 268 
266 269 
248 267 
227 270 
255 230 
261 225 
264 221 
272 212 
277 208 
283 206 
295 200 
307 191 
322 179 
334 152 
349 135 
362 122 
366 119 
384 100 
371 233 
368 235 
367 239 
367 242 
363 253 
367 250 
354 266 
362 260 
366 264 
367 272 
368 280 
370 279 
372 283 
368 292 
369 296 
370 301 
367 309 
360 323 
356 336 
353 344 
356 349 
355 354 
355 360 
348 368 
345 375 
344 375 
345 376 
341 383 
345 382 
