465 351 
464 353 
464 352 
462 352 
455 352 
452 352 
450 351 
448 350 
440 355 
435 357 
433 358 
429 358 
428 360 
426 362 
420 363 
418 363 
411 366 
400 366 
393 365 
387 366 
375 366 
365 368 
362 367 
347 366 
341 365 
338 363 
319 366 
311 367 
299 367 
289 365 
289 363 
274 365 
259 366 
243 368 
230 372 
212 376 
206 375 
207 375 
216 372 
229 368 
246 358 
312 275 
314 274 
316 274 
315 276 
318 276 
319 272 
322 268 
324 262 
328 257 
331 251 
331 241 
332 238 
334 234 
337 230 
344 223 
345 217 
346 212 
347 212 
342 205 
346 199 
354 187 
356 177 
364 164 
368 157 
376 139 
375 152 
377 162 
380 166 
380 172 
377 177 
373 190 
372 199 
370 211 
363 220 
365 227 
359 240 
355 250 
359 247 
361 253 
363 257 
362 259 
358 258 
362 255 
365 255 
370 258 
410 225 
345 271 
347 272 
359 314 
357 323 
345 327 
357 334 
356 333 
357 330 
355 329 
356 328 
356 333 
353 338 
350 344 
