465 317 
462 318 
460 318 
455 318 
454 317 
453 319 
454 321 
447 324 
444 324 
436 321 
410 317 
358 310 
308 304 
187 314 
184 317 
187 315 
187 317 
188 316 
188 310 
188 313 
197 307 
207 299 
218 284 
236 275 
252 266 
271 258 
294 246 
319 238 
341 229 
351 229 
353 227 
359 222 
370 216 
377 215 
380 211 
387 205 
395 195 
397 193 
390 197 
390 199 
392 200 
384 203 
378 209 
375 220 
372 238 
369 260 
373 270 
375 277 
376 288 
374 296 
373 312 
368 326 
366 335 
364 347 
363 354 
362 360 
356 369 
350 378 
357 385 
361 389 
357 393 
360 398 
364 403 
366 404 
