460 274 
459 276 
467 272 
466 274 
465 274 
463 277 
462 278 
454 286 
451 283 
441 286 
434 290 
421 292 
419 290 
400 291 
389 290 
372 293 
350 296 
325 300 
303 300 
281 302 
272 305 
256 308 
247 311 
231 314 
233 311 
237 305 
246 295 
250 290 
258 284 
266 279 
271 275 
277 272 
286 269 
298 264 
298 263 
304 257 
306 254 
313 246 
317 238 
320 232 
326 226 
330 218 
334 211 
339 204 
355 177 
365 160 
375 142 
367 153 
390 120 
379 144 
389 138 
386 154 
383 170 
379 187 
375 205 
370 222 
366 239 
364 248 
355 256 
350 266 
317 358 
