512 290 
508 298 
508 297 
509 301 
506 305 
509 304 
508 302 
506 304 
505 304 
499 303 
487 312 
479 315 
476 314 
466 315 
452 315 
444 315 
435 313 
423 315 
418 310 
406 311 
400 309 
386 312 
368 314 
364 314 
353 315 
343 312 
329 318 
317 317 
303 321 
295 321 
282 320 
278 323 
273 326 
268 328 
270 329 
277 326 
282 318 
289 312 
295 306 
302 304 
310 302 
320 296 
329 294 
339 290 
347 284 
351 283 
348 285 
350 279 
351 276 
356 269 
360 257 
363 255 
364 248 
371 244 
375 236 
380 227 
381 225 
382 217 
391 211 
389 196 
392 193 
396 183 
398 174 
391 172 
409 160 
396 164 
399 160 
397 167 
399 164 
402 159 
404 157 
399 167 
399 174 
412 174 
412 179 
395 199 
399 211 
400 208 
410 208 
405 203 
409 200 
409 196 
402 194 
409 190 
408 186 
409 189 
408 194 
409 203 
412 214 
402 231 
410 241 
401 246 
398 248 
398 256 
403 262 
398 272 
405 283 
410 292 
408 299 
414 304 
412 310 
411 312 
416 318 
412 322 
412 330 
412 334 
411 339 
408 344 
413 349 
411 355 
411 357 
407 362 
411 364 
406 374 
415 377 
412 377 
418 371 
