476 340 
468 341 
460 343 
463 342 
461 341 
438 341 
437 341 
419 342 
410 342 
398 337 
382 342 
358 338 
341 339 
325 332 
318 334 
300 333 
297 332 
274 336 
268 335 
248 334 
238 337 
221 337 
212 338 
218 336 
223 331 
228 330 
236 327 
238 324 
245 317 
252 317 
265 303 
266 299 
272 296 
270 295 
277 288 
279 281 
288 272 
293 263 
307 247 
315 235 
320 221 
325 207 
328 203 
332 192 
338 188 
338 177 
342 170 
355 148 
358 136 
359 137 
361 127 
362 129 
365 122 
364 125 
367 118 
366 126 
364 136 
366 142 
365 151 
370 160 
354 184 
366 181 
366 187 
366 194 
365 202 
362 213 
364 223 
374 236 
382 240 
381 242 
382 249 
384 256 
385 272 
383 284 
378 297 
377 311 
369 329 
366 342 
361 354 
360 359 
366 360 
352 373 
357 377 
359 380 
361 382 
366 389 
368 396 
367 404 
370 411 
373 413 
372 415 
373 413 
368 403 
