428 258 
427 259 
426 261 
428 262 
428 263 
425 262 
423 266 
421 268 
423 264 
421 267 
415 268 
412 272 
402 279 
393 286 
384 288 
381 288 
375 289 
370 290 
356 292 
342 294 
329 297 
304 300 
282 304 
272 305 
241 309 
215 318 
183 324 
177 328 
183 316 
197 298 
208 277 
225 258 
231 246 
231 238 
237 228 
243 226 
252 224 
255 221 
258 223 
264 217 
271 210 
282 177 
288 155 
305 126 
314 120 
318 112 
299 128 
297 138 
297 145 
322 135 
332 89 
300 241 
307 247 
309 258 
315 269 
318 291 
315 312 
313 325 
309 329 
307 343 
303 355 
300 368 
300 373 
307 377 
309 383 
310 385 
309 390 
310 391 
307 389 
309 388 
