402 339 
398 337 
398 338 
400 339 
403 339 
405 340 
402 343 
397 343 
394 344 
390 346 
381 349 
373 349 
366 350 
360 354 
363 355 
356 358 
354 359 
346 359 
345 360 
343 359 
336 363 
330 366 
328 365 
326 361 
316 361 
317 363 
308 362 
300 362 
290 358 
273 359 
258 356 
250 356 
243 355 
231 358 
225 355 
214 355 
206 354 
196 353 
202 353 
195 353 
193 354 
185 353 
186 350 
189 350 
192 350 
201 348 
208 344 
217 338 
224 331 
230 320 
240 317 
273 279 
272 273 
276 269 
281 260 
284 254 
282 251 
284 250 
287 242 
289 234 
297 222 
299 216 
301 209 
308 199 
310 198 
311 193 
317 184 
320 182 
319 178 
323 178 
330 172 
335 162 
332 162 
334 164 
326 179 
335 178 
328 181 
330 189 
328 197 
329 201 
325 209 
326 213 
317 218 
321 222 
319 224 
323 229 
320 233 
322 240 
321 245 
324 245 
326 250 
329 253 
327 266 
331 266 
331 278 
338 279 
334 294 
330 307 
329 314 
329 332 
331 336 
328 345 
332 356 
329 372 
331 380 
