537 335 
537 340 
534 343 
534 344 
533 342 
532 343 
529 345 
525 352 
521 352 
526 347 
525 344 
527 342 
522 344 
523 341 
525 343 
518 345 
519 341 
519 347 
518 343 
512 342 
508 344 
501 346 
492 352 
483 354 
472 357 
455 359 
438 360 
424 359 
406 359 
385 360 
371 358 
358 363 
344 359 
325 360 
304 358 
295 354 
277 355 
272 353 
253 353 
238 354 
223 353 
207 352 
210 352 
217 347 
218 343 
229 330 
233 328 
240 325 
248 322 
259 318 
273 307 
282 303 
290 299 
298 296 
304 291 
315 281 
320 272 
332 258 
341 248 
348 240 
353 231 
360 220 
367 213 
374 207 
370 207 
375 200 
379 181 
384 167 
395 144 
400 131 
402 127 
402 126 
399 133 
395 142 
394 157 
393 168 
394 180 
399 194 
397 204 
403 219 
408 229 
408 243 
404 259 
438 222 
400 278 
358 386 
382 383 
382 385 
361 391 
387 385 
392 385 
390 389 
363 394 
389 389 
386 391 
358 398 
379 391 
379 393 
385 378 
379 374 
378 373 
382 370 
379 375 
377 380 
