477 270 
478 269 
473 267 
471 269 
468 269 
468 270 
468 269 
465 270 
461 269 
454 273 
445 283 
441 290 
434 290 
430 293 
421 297 
413 300 
410 300 
402 301 
391 303 
379 306 
363 307 
349 310 
328 316 
317 314 
301 311 
282 313 
266 312 
247 317 
237 315 
223 319 
213 321 
200 322 
197 320 
199 315 
271 261 
269 264 
275 258 
278 251 
280 246 
284 240 
285 240 
289 237 
292 232 
295 225 
298 221 
302 215 
308 211 
311 209 
318 201 
322 198 
327 189 
338 168 
347 159 
350 144 
355 144 
353 128 
358 187 
354 196 
356 201 
357 209 
356 218 
356 223 
356 229 
359 236 
361 246 
355 247 
354 253 
361 258 
360 263 
362 270 
363 274 
359 275 
360 278 
361 284 
359 294 
360 304 
364 312 
367 315 
368 328 
364 336 
368 341 
366 352 
364 360 
365 362 
362 365 
364 369 
