395 280 
394 278 
393 283 
392 281 
391 281 
389 281 
385 286 
382 284 
376 286 
371 285 
362 285 
349 291 
336 290 
325 295 
306 299 
285 299 
271 297 
261 301 
251 301 
246 299 
242 298 
235 298 
225 298 
182 294 
185 292 
186 292 
189 290 
195 286 
204 278 
210 275 
214 272 
214 269 
219 268 
225 266 
227 258 
233 254 
241 248 
247 240 
255 237 
263 233 
264 227 
370 157 
371 160 
370 159 
372 160 
371 164 
370 163 
369 162 
366 163 
360 169 
354 173 
349 178 
351 183 
346 199 
348 200 
345 204 
342 215 
344 220 
345 230 
340 236 
332 247 
333 244 
340 244 
337 248 
337 258 
339 266 
341 271 
339 281 
331 287 
339 292 
341 297 
348 302 
337 304 
334 302 
332 307 
339 310 
338 314 
339 319 
339 322 
335 325 
336 329 
338 336 
336 338 
338 346 
338 351 
335 357 
