441 300 
444 298 
441 303 
439 302 
438 302 
438 301 
442 301 
441 299 
437 302 
439 298 
435 303 
423 309 
413 307 
403 311 
398 311 
393 314 
384 317 
370 323 
354 323 
345 330 
332 329 
322 329 
307 327 
293 330 
278 336 
264 338 
247 336 
231 338 
207 345 
190 342 
173 344 
169 343 
172 346 
244 254 
251 251 
255 250 
253 256 
251 258 
249 258 
249 252 
255 246 
260 234 
266 228 
267 223 
270 216 
277 215 
281 208 
285 203 
296 197 
291 194 
301 171 
302 159 
309 151 
316 137 
316 131 
295 142 
316 125 
316 126 
314 140 
295 158 
319 151 
320 159 
316 177 
316 189 
315 202 
318 207 
321 206 
322 215 
318 218 
315 231 
316 237 
316 242 
315 250 
312 254 
307 252 
334 218 
338 216 
317 248 
339 225 
340 232 
321 261 
320 268 
321 272 
317 281 
318 288 
313 298 
309 299 
309 302 
306 312 
305 319 
309 328 
307 337 
310 344 
309 350 
311 358 
308 362 
312 366 
312 370 
305 375 
304 376 
306 382 
314 389 
315 398 
315 403 
318 405 
313 407 
321 409 
321 407 
319 407 
312 402 
305 403 
308 400 
