472 283 
472 289 
468 288 
467 289 
446 298 
467 289 
463 290 
469 284 
447 298 
463 291 
461 290 
451 290 
426 303 
438 292 
433 293 
430 293 
427 292 
423 295 
419 293 
416 293 
412 290 
408 292 
404 297 
400 294 
391 296 
384 296 
373 297 
371 296 
363 296 
352 297 
344 297 
329 298 
324 300 
308 303 
303 307 
292 305 
286 306 
270 312 
256 313 
242 315 
240 312 
226 313 
212 315 
209 311 
197 311 
200 307 
200 309 
209 306 
213 304 
211 311 
218 307 
218 306 
230 299 
233 297 
240 290 
243 291 
248 288 
251 287 
252 287 
258 285 
261 280 
263 278 
265 275 
267 269 
269 261 
271 254 
274 251 
275 246 
276 244 
281 240 
278 239 
281 233 
284 230 
293 226 
298 220 
313 191 
314 189 
320 180 
324 174 
336 160 
336 158 
342 153 
313 179 
321 165 
318 179 
321 183 
323 185 
332 177 
331 193 
336 191 
336 192 
336 196 
332 206 
331 204 
330 216 
332 218 
332 221 
313 282 
314 286 
315 296 
364 273 
358 281 
359 286 
358 298 
356 311 
346 316 
326 332 
328 330 
