532 365 
531 369 
529 370 
532 374 
529 376 
527 376 
530 374 
529 373 
526 376 
526 377 
521 384 
515 386 
507 385 
496 386 
492 386 
483 385 
472 383 
464 383 
443 382 
424 381 
397 380 
379 379 
356 383 
337 380 
315 377 
298 375 
292 374 
269 374 
255 370 
238 367 
232 368 
221 368 
225 363 
227 355 
236 346 
237 341 
249 328 
263 317 
282 296 
303 273 
314 264 
322 262 
322 261 
322 259 
327 254 
330 245 
336 229 
345 218 
346 210 
348 208 
344 198 
350 167 
354 150 
362 136 
364 126 
362 130 
361 136 
361 151 
358 177 
356 195 
357 214 
359 234 
353 260 
355 266 
358 277 
356 299 
346 325 
346 336 
339 343 
337 356 
337 362 
336 369 
329 376 
330 379 
334 381 
333 384 
339 388 
343 396 
347 397 
353 399 
361 402 
365 406 
372 409 
373 412 
374 417 
377 421 
381 430 
383 438 
