505 225 
501 230 
503 232 
501 234 
497 234 
491 237 
489 234 
483 237 
477 239 
470 244 
457 249 
447 254 
440 256 
435 257 
422 259 
397 260 
379 263 
350 268 
322 274 
292 280 
281 283 
285 278 
297 270 
304 262 
312 249 
333 235 
353 219 
362 206 
364 197 
363 199 
367 203 
367 211 
375 207 
384 201 
384 199 
392 190 
396 187 
405 170 
409 157 
410 298 
409 300 
410 309 
400 313 
401 311 
401 306 
404 305 
403 308 
403 315 
401 322 
408 326 
412 328 
412 335 
410 343 
408 350 
409 354 
409 353 
411 349 
