446 255 
446 254 
446 257 
443 257 
440 263 
433 261 
424 260 
416 265 
410 268 
399 273 
397 273 
462 243 
403 270 
396 272 
391 271 
385 274 
381 273 
372 273 
364 273 
349 277 
333 279 
320 281 
317 279 
307 279 
292 281 
277 282 
262 288 
251 289 
252 286 
256 279 
261 274 
265 273 
274 268 
284 264 
289 262 
294 259 
301 255 
306 254 
316 246 
324 239 
329 233 
335 225 
344 218 
350 213 
355 205 
359 199 
358 191 
366 170 
366 176 
370 166 
374 160 
374 168 
375 164 
352 190 
354 188 
351 194 
375 169 
373 183 
374 199 
379 219 
378 235 
375 247 
363 307 
362 318 
362 324 
317 364 
332 367 
