556 368 
555 368 
552 370 
553 371 
549 375 
548 377 
546 377 
539 372 
532 373 
519 377 
509 379 
507 375 
503 372 
494 372 
490 373 
486 370 
478 369 
473 368 
464 367 
457 365 
447 366 
435 364 
423 362 
407 361 
394 358 
378 355 
361 354 
350 349 
336 348 
324 345 
310 344 
300 346 
287 346 
275 344 
262 346 
249 348 
237 352 
228 353 
228 348 
230 351 
237 344 
252 335 
263 338 
279 329 
295 318 
310 304 
325 287 
333 279 
346 267 
356 255 
365 247 
375 236 
387 228 
393 220 
400 212 
406 202 
410 187 
418 175 
428 161 
438 144 
442 139 
443 140 
444 144 
440 158 
437 172 
431 194 
425 221 
428 222 
424 245 
421 250 
407 260 
419 259 
420 266 
426 272 
428 281 
428 287 
426 295 
423 305 
423 318 
426 330 
422 344 
421 354 
416 358 
420 360 
421 366 
419 374 
419 380 
418 388 
416 394 
414 401 
414 405 
415 409 
414 412 
413 414 
410 413 
412 413 
411 413 
406 414 
