425 324 
426 323 
424 326 
422 325 
422 327 
420 328 
418 329 
417 328 
412 330 
408 332 
402 333 
397 333 
390 335 
385 337 
381 341 
376 344 
373 346 
370 346 
363 347 
350 348 
335 347 
324 342 
310 343 
299 340 
287 337 
276 336 
265 337 
251 337 
242 338 
234 336 
223 334 
213 333 
271 286 
277 280 
284 275 
289 268 
294 270 
302 270 
306 267 
313 266 
318 257 
323 249 
326 241 
332 235 
338 227 
343 219 
350 212 
354 206 
358 198 
364 196 
365 190 
369 185 
364 183 
368 170 
364 164 
357 172 
357 180 
352 191 
351 200 
354 212 
352 216 
349 223 
352 230 
347 240 
346 242 
341 252 
340 261 
344 272 
346 278 
348 282 
348 285 
348 292 
348 302 
348 309 
339 333 
346 329 
344 330 
344 322 
342 326 
342 341 
341 346 
344 351 
343 357 
342 362 
339 368 
342 369 
336 377 
336 375 
