429 253 
431 256 
429 257 
428 263 
430 260 
428 261 
429 262 
428 264 
428 266 
427 268 
424 271 
418 272 
407 272 
398 272 
390 272 
383 275 
371 280 
365 288 
359 291 
351 294 
342 294 
334 296 
325 297 
317 296 
303 298 
291 297 
273 301 
252 298 
235 300 
216 301 
197 300 
176 298 
173 297 
172 296 
177 292 
181 290 
191 275 
198 270 
209 269 
224 260 
238 249 
253 245 
268 244 
275 240 
280 237 
289 203 
296 197 
306 175 
315 160 
321 155 
326 154 
326 155 
308 176 
306 187 
309 176 
306 190 
325 186 
321 189 
321 183 
342 95 
344 97 
312 281 
327 278 
329 287 
333 291 
334 297 
334 299 
336 304 
335 312 
380 274 
322 353 
322 357 
317 363 
316 370 
312 374 
313 377 
316 374 
313 378 
286 388 
