456 277 
454 277 
455 278 
452 276 
457 273 
455 274 
456 275 
460 272 
455 276 
454 273 
446 274 
439 278 
422 285 
412 290 
405 291 
401 292 
393 292 
378 295 
363 295 
346 295 
335 290 
320 293 
301 296 
279 302 
273 303 
254 306 
245 307 
246 305 
253 297 
259 288 
265 282 
277 264 
290 248 
295 243 
297 246 
304 239 
305 245 
310 240 
314 231 
320 235 
330 215 
338 202 
341 200 
350 189 
352 184 
365 170 
369 163 
374 153 
375 153 
362 166 
364 162 
364 163 
363 166 
380 158 
378 170 
378 176 
378 186 
375 198 
374 208 
372 220 
370 226 
368 233 
366 244 
369 253 
380 263 
382 271 
382 277 
382 280 
385 284 
386 287 
383 293 
384 300 
383 312 
378 320 
377 330 
379 328 
380 339 
378 350 
372 360 
372 370 
370 381 
370 391 
373 400 
368 397 
