464 297 
466 296 
464 295 
465 295 
471 301 
471 302 
466 301 
398 304 
393 305 
389 309 
383 307 
377 307 
375 305 
377 304 
360 306 
352 305 
343 303 
340 308 
334 307 
330 301 
318 304 
312 304 
305 303 
293 304 
285 305 
275 307 
264 307 
253 308 
251 309 
248 309 
236 309 
229 312 
227 312 
227 310 
233 310 
232 305 
235 304 
236 302 
239 301 
241 300 
247 300 
254 301 
259 297 
260 294 
263 294 
266 295 
272 292 
275 295 
277 289 
277 288 
279 287 
282 283 
284 282 
285 281 
291 274 
294 270 
301 271 
305 267 
323 250 
315 256 
319 252 
322 248 
328 247 
331 239 
331 228 
330 235 
336 209 
337 203 
341 197 
344 187 
347 183 
352 178 
359 165 
359 161 
367 157 
343 181 
344 181 
346 175 
348 174 
349 176 
349 179 
353 176 
350 193 
349 208 
352 214 
366 202 
346 221 
346 220 
344 212 
342 211 
346 201 
346 203 
349 198 
348 202 
349 205 
346 212 
347 217 
365 197 
350 212 
361 212 
361 217 
348 231 
361 224 
357 230 
349 230 
348 232 
350 236 
346 238 
359 230 
351 242 
385 184 
362 239 
386 181 
357 241 
363 244 
383 194 
362 248 
367 247 
363 246 
362 257 
366 263 
381 231 
363 275 
361 279 
361 284 
359 293 
364 297 
364 303 
364 308 
364 315 
370 319 
367 326 
368 329 
367 330 
365 334 
365 337 
370 339 
367 342 
366 344 
365 348 
363 351 
362 355 
362 360 
366 365 
365 370 
361 372 
