507 226 
508 227 
507 228 
508 229 
502 234 
503 234 
501 233 
498 237 
495 238 
496 236 
487 238 
478 236 
464 241 
449 243 
439 243 
426 244 
409 245 
388 246 
364 246 
344 248 
326 248 
316 247 
304 247 
303 247 
304 243 
307 238 
318 228 
331 221 
346 202 
363 188 
376 176 
382 169 
389 162 
394 161 
395 163 
396 163 
403 149 
410 144 
414 141 
420 133 
418 142 
415 149 
428 145 
425 166 
418 185 
416 206 
409 229 
390 272 
405 282 
416 289 
419 304 
421 304 
423 317 
404 359 
421 323 
420 322 
455 271 
411 280 
405 294 
