517 306 
520 307 
513 317 
516 316 
513 319 
513 320 
510 321 
508 323 
502 324 
494 320 
484 320 
477 320 
465 328 
455 331 
441 334 
427 335 
402 335 
369 329 
319 327 
283 322 
194 327 
244 273 
265 261 
292 248 
312 236 
329 229 
339 219 
349 214 
352 206 
351 184 
357 169 
365 142 
365 136 
363 141 
366 148 
369 148 
372 151 
374 171 
373 184 
372 199 
367 206 
370 221 
369 233 
371 263 
369 276 
369 282 
371 289 
360 318 
361 328 
360 338 
359 345 
359 349 
358 353 
357 357 
355 362 
357 363 
358 365 
359 368 
358 369 
362 375 
363 375 
367 376 
366 377 
366 374 
350 362 
356 397 
360 431 
