464 269 
465 270 
466 270 
466 275 
467 281 
467 280 
466 283 
466 281 
462 281 
460 278 
456 281 
448 288 
438 294 
430 296 
422 301 
416 304 
411 302 
406 300 
398 301 
388 301 
370 306 
352 310 
338 311 
332 311 
313 313 
298 314 
280 314 
269 318 
270 318 
273 316 
278 312 
285 310 
298 299 
308 289 
324 281 
340 273 
356 262 
368 255 
377 251 
382 250 
391 234 
394 224 
395 211 
393 202 
397 195 
393 188 
393 191 
388 207 
386 225 
391 246 
387 268 
384 287 
381 303 
376 310 
379 315 
376 326 
409 292 
379 327 
377 334 
377 338 
377 336 
374 345 
369 356 
367 368 
362 367 
362 364 
364 360 
