459 353 
437 353 
420 353 
405 355 
399 356 
398 357 
399 357 
400 358 
396 360 
396 357 
394 359 
388 359 
384 356 
377 354 
370 356 
364 352 
353 348 
344 344 
331 342 
318 339 
308 336 
294 340 
285 337 
271 337 
257 339 
243 337 
233 333 
219 339 
218 334 
218 332 
225 327 
230 322 
237 314 
246 308 
257 301 
270 294 
279 294 
285 293 
293 288 
296 287 
305 276 
312 269 
324 257 
340 244 
354 234 
363 228 
370 220 
378 213 
383 206 
392 206 
387 210 
384 213 
381 220 
374 233 
375 240 
374 256 
375 268 
375 285 
373 302 
374 318 
371 338 
368 353 
367 368 
365 376 
363 381 
361 386 
365 390 
365 395 
367 399 
371 405 
374 410 
380 416 
384 421 
384 424 
376 412 
